N = 4096

Intersection points:
(889,626770, 999,150452)
(413,539581, 998,088013)
(169,663315, 995,281799)
(214,137024, 995,281738)
(253,182404, 995,281799)
(627,744873, 994,890686)
(685,509705, 994,890686)
(774,218079, 994,890686)
(846,100891, 994,890686)
(685,509705, 993,309937)
(755,027771, 993,309937)
(774,218079, 993,309937)
(846,100891, 993,309998)
(558,117554, 993,048401)
(611,076538, 991,838135)
(740,155334, 990,079712)
(221,312286, 988,132751)
(253,182404, 988,132751)
(260,877777, 988,132751)
(325,247284, 988,132751)
(336,874603, 988,132813)
(369,057068, 988,132874)
(373,525330, 988,132813)
(406,072571, 988,132813)
(418,064056, 988,132813)
(460,031921, 988,132813)
(529,420105, 988,132813)
(194,189423, 986,507263)
(221,312286, 986,507263)
(245,384460, 986,507324)
(253,182404, 986,507263)
(260,877777, 986,507324)
(325,247284, 986,507263)
(369,057068, 986,507324)
(373,525330, 986,507263)
(381,868256, 986,507324)
(392,225677, 986,507385)
(406,072571, 986,507263)
(418,064056, 986,507324)
(489,751831, 986,507324)
(194,189423, 986,294983)
(221,312286, 986,294983)
(245,384460, 986,294983)
(257,552094, 986,294983)
(260,877777, 986,294983)
(369,057068, 986,294922)
(392,225677, 986,294983)
(406,072571, 986,294983)
(257,552094, 985,900269)
(260,877777, 985,900269)
(257,552094, 985,197205)
(392,225677, 985,040955)
(406,072571, 985,041016)
(427,948639, 985,041016)
(611,076538, 984,882568)
(641,601440, 984,882629)
(774,218079, 984,882629)
(427,948639, 984,859802)
(611,076538, 984,859741)
(641,601440, 984,859863)
(832,562256, 984,859802)
(842,736755, 984,859802)
(925,654785, 984,859802)
(943,521301, 984,859741)
(222,794479, 983,984802)
(257,552094, 983,984802)
(392,225677, 983,984802)
(427,948639, 983,984802)
(611,076538, 983,984802)
(222,794479, 981,184082)
(257,552094, 981,184082)
(103,644905, 981,146057)
(748,848572, 980,912415)
(842,736755, 980,912476)
(943,521301, 980,912415)
(966,601685, 980,912476)
(611,076538, 980,246887)
(641,601440, 980,246826)
(676,440002, 980,246826)
(842,736755, 980,246826)
(103,644905, 979,362915)
(362,140045, 978,239441)
(381,784271, 978,239441)
(392,225677, 978,239441)
(394,604553, 978,239441)
(427,948639, 978,239380)
(428,396271, 978,239380)
(611,076538, 978,239441)
(641,601440, 978,239380)
(676,440002, 978,239441)
(704,267517, 978,239380)
(435,050537, 976,769775)
(472,974121, 976,769775)
(611,076538, 976,769775)
(641,601440, 976,769775)
(611,076538, 974,070251)
(641,601440, 974,070313)
(655,088196, 974,070313)
(763,505127, 974,070251)
(770,135315, 974,070313)
(780,587646, 974,070313)
(359,112732, 973,419312)
(362,140045, 973,419250)
(392,225677, 973,419250)
(394,604553, 973,419312)
(435,050537, 973,419250)
(472,974121, 973,419312)
(641,601440, 973,419312)
(252,944641, 971,844666)
(303,424713, 971,844604)
(362,140045, 971,844604)
(392,225677, 971,844604)
(435,050537, 971,844604)
(472,974121, 971,844666)
(565,328674, 971,844604)
(641,601440, 971,844604)
(763,505127, 971,844604)
(780,587646, 971,844604)
(842,736755, 971,844604)
(857,136230, 971,844604)
(943,521301, 971,844604)
(949,245239, 971,844666)
(966,601685, 971,844604)
(252,944641, 970,498352)
(303,424713, 970,498352)
(392,225677, 970,498352)
(106,035469, 969,613037)
(130,226608, 969,612976)
(682,458191, 968,380798)
(763,505127, 968,380798)
(780,587646, 968,380737)
(842,736755, 968,380859)
(857,136230, 968,380798)
(448,897827, 967,024902)
(449,727600, 967,025024)
(457,677307, 967,024902)
(502,990601, 967,024963)
(544,497009, 967,024902)
(780,587646, 967,024902)
(796,159058, 967,024902)
(842,736755, 967,024963)
(857,136230, 967,024902)
(943,521301, 967,024841)
(949,245239, 967,024902)
(842,736755, 966,035522)
(857,136230, 966,035522)
(263,261627, 962,933838)
(273,824402, 962,933838)
(322,163574, 962,933777)
(392,225677, 962,933716)
(448,897827, 962,933777)
(449,727600, 962,933777)
(457,677307, 962,933777)
(502,990601, 962,933838)
(512,296997, 962,933777)
(524,732361, 962,933716)
(544,497009, 962,933838)
(560,616638, 962,933838)
(654,645691, 962,933777)
(663,700073, 962,933777)
(524,732361, 961,348145)
(544,497009, 961,348206)
(551,449463, 961,348267)
(560,616638, 961,348206)
(654,645691, 961,348206)
(663,700073, 961,348206)
(780,587646, 961,348267)
(796,159058, 961,348206)
(857,136230, 961,348206)
(931,282959, 961,348328)
(958,403992, 961,348267)
(544,497009, 961,196045)
(654,645691, 961,195984)
(663,700073, 961,195984)
(780,587646, 961,196045)
(796,159058, 961,196045)
(273,824402, 960,825806)
(322,163574, 960,825806)
(353,659393, 960,825806)
(392,225677, 960,825806)
(448,897827, 960,825867)
(544,497009, 960,825806)
(322,163574, 960,017822)
(544,497009, 960,017822)
(542,610718, 960,017822)
(599,484802, 960,017761)
(768,923950, 960,017822)
(780,587646, 960,017761)
(967,037903, 960,017761)
(40,165245, 958,452515)
(48,853397, 958,452454)
(55,902897, 958,452515)
(97,845909, 958,452515)
(228,778305, 954,766113)
(273,824402, 954,766113)
(306,811340, 954,766174)
(322,163574, 954,766113)
(343,514252, 954,766113)
(542,610718, 954,766113)
(559,194702, 954,766052)
(589,722900, 954,766174)
(681,598999, 954,766113)
(728,732788, 954,766113)
(738,349792, 954,766052)
(768,923950, 954,766113)
(49,653770, 954,349548)
(55,902897, 954,349487)
(71,391884, 954,349487)
(84,244247, 954,349487)
(97,845909, 954,349487)
(107,922432, 954,349548)
(120,371399, 954,349548)
(130,226608, 954,349548)
(126,894417, 954,349487)
(222,458832, 954,349548)
(228,778305, 954,349548)
(273,824402, 954,349548)
(542,610718, 952,096802)
(559,194702, 952,096802)
(630,832153, 952,096863)
(738,349792, 952,096802)
(850,534607, 952,096802)
(869,735413, 952,096741)
(967,037903, 952,096802)
(322,163574, 951,903015)
(438,538361, 951,902954)
(542,610718, 951,902954)
(559,194702, 951,902893)
(738,349792, 951,902954)
(850,534607, 951,285889)
(845,712463, 951,285889)
(869,735413, 951,285950)
(967,037903, 951,285950)
(212,528229, 950,845276)
(222,458832, 950,845337)
(221,561737, 950,845276)
(228,778305, 950,845337)
(273,824402, 950,845398)
(306,811340, 950,845337)
(406,974670, 948,025879)
(479,304199, 948,025818)
(534,502808, 948,025879)
(559,194702, 948,025818)
(588,306152, 948,025757)
(595,753174, 948,025818)
(640,089355, 948,025818)
(738,349792, 948,025818)
(789,380737, 948,025818)
(406,974670, 947,053772)
(663,000732, 946,410461)
(850,534607, 946,410461)
(869,735413, 946,410461)
(870,200562, 946,410400)
(896,074707, 946,410522)
(595,753174, 946,084045)
(663,000732, 946,084045)
(595,753174, 945,282776)
(663,000732, 945,282776)
(663,000732, 945,126099)
(850,534607, 945,125977)
(869,735413, 945,126099)
(870,200562, 945,126038)
(273,824402, 944,331482)
(663,000732, 944,285767)
(850,534607, 944,285706)
(870,200562, 944,285767)
(949,473572, 944,285767)
(28,666973, 943,044617)
(26,786327, 943,044678)
(40,165245, 943,044617)
(49,653770, 943,044617)
(55,902897, 943,044678)
(70,894180, 943,044617)
(71,858643, 943,044617)
(84,244247, 943,044678)
(107,922432, 943,044678)
(120,371399, 943,044617)
(130,226608, 943,044617)
(129,674316, 943,044678)
(476,172638, 942,330994)
(663,000732, 942,331055)
(904,821716, 942,330994)
(949,473572, 942,330994)
(663,000732, 941,785706)
(476,172638, 941,356628)
(904,821716, 941,065552)
(663,000732, 939,495361)
(656,437866, 939,495422)
(745,966431, 939,495483)
(70,894180, 939,197510)
(84,244247, 939,197571)
(115,604637, 939,197571)
(130,226608, 939,197510)
(129,674316, 939,197571)
(192,046173, 939,197571)
(212,528229, 939,197571)
(222,458832, 939,197510)
(225,881332, 939,197510)
(228,778305, 939,197571)
(273,824402, 939,197510)
(302,640808, 939,197510)
(273,824402, 938,787537)
(362,459839, 938,787476)
(663,000732, 938,787476)
(656,437866, 938,787476)
(745,966431, 938,787476)
(663,000732, 938,261353)
(745,966431, 938,261414)
(874,803345, 938,261414)
(904,821716, 938,261414)
(907,480164, 938,261353)
(154,608078, 936,262207)
(192,046173, 936,262207)
(212,528229, 936,262207)
(222,458832, 936,262268)
(225,881332, 936,262207)
(228,778305, 936,262268)
(273,824402, 936,262207)
(347,093994, 936,262268)
(362,459839, 936,262268)
(429,725098, 936,262207)
(696,807068, 936,262268)
(745,966431, 936,262268)
(764,499023, 936,262268)
(874,803345, 936,262268)
(904,821716, 936,262207)
(907,480164, 936,262207)
(907,136963, 936,262268)
(40,165245, 936,014221)
(49,653770, 936,014282)
(55,902897, 936,014343)
(61,056553, 936,014282)
(70,894180, 936,014221)
(75,459602, 936,014343)
(84,244247, 936,014282)
(115,604637, 936,014282)
(130,226608, 936,014343)
(129,674316, 936,014343)
(154,608078, 936,014282)
(192,046173, 936,014282)
(212,528229, 936,014282)
(222,458832, 936,014282)
(228,778305, 936,014282)
(347,093994, 936,014282)
(362,459839, 936,014221)
(429,725098, 936,014221)
(696,807068, 936,014282)
(764,499023, 936,014282)
(874,803345, 936,014282)
(212,528229, 934,608398)
(347,093994, 933,469604)
(362,459839, 933,469543)
(408,823975, 933,469543)
(421,227631, 933,469543)
(429,725098, 933,469543)
(530,317871, 933,469543)
(696,807068, 933,469543)
(261,948517, 929,466919)
(280,562408, 929,466919)
(301,127258, 929,466919)
(347,093994, 929,466980)
(362,459839, 929,466980)
(408,823975, 929,466919)
(429,725098, 929,466980)
(518,192688, 929,466858)
(520,788391, 929,466980)
(600,793396, 929,466919)
(236,406921, 927,824097)
(261,948517, 927,824158)
(259,585510, 927,824158)
(317,898865, 927,824158)
(40,165245, 926,943604)
(55,902897, 926,943604)
(61,056553, 926,943604)
(70,894180, 926,943665)
(84,244247, 926,943542)
(82,074524, 926,943604)
(115,604637, 926,943665)
(130,226608, 926,943604)
(129,674316, 926,943665)
(154,608078, 926,943542)
(192,046173, 926,943604)
(190,233765, 926,943604)
(261,948517, 926,943604)
(317,898865, 926,943604)
(347,093994, 926,943604)
(413,165405, 926,943604)
(70,894180, 926,031128)
(84,244247, 926,031128)
(115,604637, 926,031067)
(130,226608, 926,031006)
(154,608078, 926,031067)
(192,046173, 926,031067)
(190,233765, 926,031067)
(261,948517, 926,031128)
(347,093994, 926,031006)
(413,165405, 926,031128)
(429,725098, 926,031067)
(518,192688, 926,031128)
(520,788391, 926,031067)
(544,503906, 926,031067)
(600,793396, 926,031128)
(686,694336, 926,031067)
(688,266724, 926,031128)
(837,151733, 926,031067)
(874,803345, 926,031067)
(871,900269, 926,031128)
(904,821716, 926,031067)
(907,480164, 926,031067)
(261,948517, 925,666870)
(347,093994, 925,666809)
(479,537201, 924,771179)
(518,192688, 924,771179)
(520,788391, 924,771118)
(544,503906, 924,771118)
(600,793396, 924,771179)
(686,694336, 924,771057)
(837,151733, 924,771118)
(843,695251, 924,771118)
(192,046173, 924,729858)
(347,093994, 924,729858)
(394,792847, 924,729858)
(192,046173, 924,675537)
(347,093994, 924,675598)
(518,192688, 924,675598)
(520,788391, 924,675537)
(600,793396, 924,675598)
(686,694336, 924,675537)
(837,151733, 924,675537)
(874,803345, 924,675598)
(871,900269, 924,675598)
(192,046173, 924,650269)
(600,793396, 924,293274)
(149,809601, 918,906433)
(252,720535, 918,906494)
(277,052277, 918,906494)
(347,093994, 918,906555)
(518,192688, 918,906494)
(548,684021, 918,906433)
(600,793396, 918,906494)
(662,821167, 918,906494)
(115,604637, 915,292175)
(167,169037, 915,292114)
(347,093994, 915,292175)
(411,091461, 915,292175)
(518,192688, 915,292114)
(538,768188, 915,292175)
(550,922485, 915,292175)
(600,793396, 915,292114)
(743,605042, 915,292175)
(824,679260, 915,292175)
(837,151733, 915,292175)
(411,091461, 914,424927)
(518,192688, 914,424927)
(538,768188, 914,424927)
(550,922485, 914,424866)
(600,793396, 914,424866)
(600,901733, 914,424927)
(743,605042, 914,424927)
(837,151733, 914,424927)
(861,778442, 914,424927)
(862,207642, 914,424927)
(874,803345, 914,424927)
(871,900269, 914,424866)
(904,821716, 914,424927)
(944,282288, 914,424866)
(940,466431, 914,424927)
(965,087769, 914,424927)
(115,604637, 912,596863)
(134,759308, 912,596741)
(167,169037, 912,596802)
(186,164200, 912,596741)
(315,973328, 912,596863)
(388,057709, 912,596802)
(411,091461, 912,596863)
(730,964600, 912,085022)
(904,821716, 911,984192)
(315,973328, 911,978455)
(388,057709, 911,978455)
(388,057709, 911,577332)
(411,091461, 911,577332)
(518,192688, 911,577332)
(538,768188, 911,577271)
(550,922485, 911,577271)
(600,793396, 911,577271)
(600,901733, 911,577332)
(652,428040, 911,577271)
(719,851868, 911,577332)
(730,964600, 911,577209)
(16,290367, 911,523926)
(21,761299, 911,523926)
(26,019394, 911,523926)
(34,973263, 911,523926)
(55,902897, 911,523987)
(61,056553, 911,523987)
(70,894180, 911,523926)
(115,604637, 911,523926)
(315,973328, 911,523926)
(411,091461, 911,523926)
(518,192688, 909,884399)
(411,091461, 908,876953)
(518,192688, 908,876892)
(550,922485, 908,876953)
(578,362793, 908,876953)
(600,793396, 908,876953)
(644,402527, 908,876953)
(697,651367, 908,877014)
(26,019394, 908,496582)
(34,973263, 908,496460)
(70,894180, 908,496521)
(411,091461, 908,496521)
(518,192688, 908,496460)
(578,362793, 908,496521)
(100,830612, 905,732788)
(259,741119, 905,732727)
(262,918945, 905,732727)
(298,308960, 905,732727)
(311,198486, 905,732849)
(411,091461, 905,732788)
(461,733093, 905,732788)
(518,192688, 905,331848)
(672,662842, 904,525208)
(904,821716, 904,525208)
(900,541870, 904,525269)
(518,192688, 903,167358)
(672,662842, 903,167297)
(904,821716, 903,167358)
(944,282288, 903,167297)
(940,466431, 903,167297)
(129,734940, 900,507141)
(147,401154, 900,507202)
(259,741119, 900,507202)
(281,058655, 900,507141)
(298,308960, 900,507202)
(311,198486, 900,507141)
(491,171722, 900,507141)
(518,192688, 900,507141)
(516,445679, 900,507141)
(147,401154, 899,430725)
(259,741119, 899,430725)
(298,308960, 899,430725)
(177,850967, 898,196228)
(259,741119, 898,196167)
(491,171722, 898,196228)
(553,213013, 898,196228)
(574,735413, 898,196228)
(672,662842, 898,196167)
(724,414795, 898,196228)
(904,821716, 898,196228)
(491,171722, 897,862366)
(70,894180, 897,803711)
(73,924240, 897,803650)
(177,850967, 897,803711)
(553,213013, 897,803650)
(574,735413, 897,803650)
(724,414795, 897,803650)
(553,213013, 897,005432)
(553,213013, 896,603271)
(263,114685, 892,825073)
(273,035339, 892,824951)
(269,834747, 892,824951)
(342,137451, 892,825012)
(345,107330, 892,825012)
(532,740112, 892,825012)
(664,061401, 892,825073)
(532,740112, 892,646301)
(664,061401, 892,646240)
(532,740112, 890,944763)
(603,984009, 890,944763)
(664,061401, 890,944763)
(133,603333, 890,513000)
(177,850967, 890,513062)
(263,114685, 890,513123)
(273,035339, 890,513000)
(269,834747, 890,513123)
(342,137451, 890,513062)
(345,107330, 890,513062)
(351,606537, 890,513123)
(263,114685, 889,791138)
(273,035339, 889,791138)
(269,834747, 889,791199)
(342,137451, 889,791199)
(603,984009, 889,791199)
(615,279480, 889,791199)
(664,061401, 889,791199)
(133,603333, 889,586182)
(177,850967, 889,586182)
(226,444244, 889,586121)
(273,035339, 889,586182)
(269,834747, 889,586182)
(269,834747, 889,510193)
(342,137451, 889,510132)
(226,444244, 888,917908)
(269,834747, 888,917908)
(342,137451, 888,917847)
(603,984009, 888,917908)
(664,061401, 888,917908)
(761,807312, 888,917908)
(821,810059, 888,917908)
(16,290367, 884,236206)
(21,761299, 884,236145)
(17,991722, 884,236084)
(34,973263, 884,236084)
(41,815163, 884,236145)
(70,894180, 884,236145)
(73,924240, 884,236084)
(133,603333, 884,236145)
(168,854706, 884,236084)
(177,850967, 884,236084)
(191,620651, 884,236145)
(213,990265, 884,236084)
(226,444244, 884,236145)
(257,661346, 884,236145)
(269,834747, 884,236084)
(342,978424, 884,236084)
(418,933502, 884,236145)
(515,131897, 884,236145)
(546,320251, 884,236084)
(34,973263, 884,176941)
(168,854706, 884,176941)
(177,850967, 884,176941)
(213,990265, 884,176941)
(226,444244, 884,176941)
(257,661346, 884,177002)
(269,834747, 884,176941)
(342,978424, 884,177002)
(515,131897, 884,131348)
(546,320251, 884,131287)
(563,754456, 884,131348)
(582,091370, 884,131348)
(603,984009, 884,131287)
(664,061401, 884,131287)
(756,733887, 884,131348)
(257,661346, 883,451965)
(515,131897, 882,513916)
(546,320251, 882,513916)
(563,754456, 882,513855)
(603,984009, 882,513916)
(664,061401, 882,513855)
(662,568115, 882,513916)
(756,733887, 882,513916)
(771,806702, 882,513855)
(788,896362, 882,513916)
(213,990265, 881,330261)
(211,531464, 881,330261)
(226,444244, 881,330200)
(257,661346, 881,330322)
(269,834747, 881,330261)
(320,752747, 881,330261)
(504,200592, 881,173218)
(515,131897, 881,173218)
(546,320251, 881,173218)
(550,086609, 881,173279)
(563,754456, 881,173218)
(603,984009, 881,173279)
(515,131897, 879,371887)
(550,086609, 879,371887)
(664,061401, 879,371826)
(662,568115, 879,371826)
(168,854706, 877,537964)
(178,682861, 877,537903)
(211,531464, 877,537964)
(240,825409, 877,537964)
(257,661346, 877,537964)
(269,834747, 877,537903)
(275,478058, 877,537903)
(643,920837, 877,193054)
(664,061401, 877,193054)
(808,994507, 877,192993)
(821,810059, 877,193115)
(827,653442, 877,193115)
(822,388855, 877,192993)
(854,724915, 877,193054)
(866,747803, 877,193054)
(643,920837, 877,130737)
(664,061401, 877,130798)
(821,810059, 877,130798)
(827,653442, 877,130859)
(822,388855, 877,130798)
(898,501465, 877,130798)
(269,834747, 874,603760)
(471,890503, 873,756653)
(34,973263, 871,340759)
(56,735756, 871,340759)
(145,789795, 871,340820)
(240,825409, 871,340820)
(257,661346, 871,340820)
(269,834747, 871,340820)
(275,478058, 871,340759)
(499,634155, 871,340820)
(505,145844, 871,340759)
(643,920837, 871,340820)
(822,388855, 871,340820)
(820,499268, 871,340698)
(240,825409, 871,153992)
(257,661346, 871,154114)
(269,834747, 871,154053)
(275,478058, 871,154053)
(499,634155, 871,154053)
(505,145844, 871,154053)
(643,920837, 871,154053)
(552,108948, 869,180847)
(240,825409, 867,763489)
(257,661346, 867,763489)
(251,272263, 867,763550)
(262,688690, 867,763489)
(269,834747, 867,763550)
(266,609375, 867,763489)
(275,478058, 867,763489)
(499,634155, 867,763489)
(518,231201, 867,763489)
(552,108948, 867,763489)
(499,634155, 867,661865)
(518,231201, 867,661804)
(552,108948, 867,661804)
(552,108948, 866,245789)
(643,920837, 866,245789)
(655,320068, 866,245728)
(681,893188, 866,245789)
(788,432983, 866,245667)
(820,499268, 866,245728)
(898,501465, 866,245728)
(919,544067, 866,245728)
(914,905640, 866,245789)
(926,720398, 866,245728)
(944,282288, 866,245728)
(940,466431, 866,245728)
(942,868286, 866,245789)
(968,961792, 866,245789)
(552,108948, 866,114197)
(110,158386, 866,104431)
(140,591797, 866,104431)
(240,825409, 866,104492)
(257,661346, 866,104370)
(251,272263, 866,104492)
(259,911957, 866,104431)
(269,834747, 866,104431)
(266,609375, 866,104431)
(275,478058, 866,104431)
(240,825409, 866,020569)
(251,272263, 866,020508)
(269,834747, 866,020569)
(275,478058, 866,020508)
(251,272263, 863,796814)
(269,834747, 863,796814)
(275,478058, 863,796814)
(287,465149, 863,796753)
(643,920837, 863,796814)
(655,320068, 863,796814)
(681,893188, 863,796753)
(788,432983, 863,796875)
(145,547089, 862,796814)
(251,272263, 862,796753)
(269,834747, 862,796692)
(275,478058, 862,796692)
(56,735756, 861,833191)
(68,860229, 861,833191)
(110,158386, 861,833252)
(145,547089, 861,833191)
(275,478058, 861,833191)
(276,061768, 861,833191)
(577,145081, 861,833252)
(655,320068, 861,833252)
(788,432983, 861,833252)
(577,145081, 861,789429)
(788,432983, 861,789490)
(879,076111, 861,789429)
(145,547089, 860,366089)
(638,573425, 860,366028)
(638,573425, 855,297546)
(660,586487, 855,297607)
(788,432983, 852,284912)
(625,958679, 852,185120)
(638,573425, 852,185181)
(660,586487, 852,185181)
(700,269348, 852,185181)
(703,992554, 852,185120)
(719,442932, 852,185120)
(788,432983, 852,185181)
(309,270905, 852,076965)
(313,227600, 852,076965)
(423,740387, 852,077026)
(512,481201, 852,077026)
(625,958679, 852,076904)
(638,573425, 852,076904)
(700,269348, 852,076965)
(703,992554, 852,076965)
(194,519455, 852,051941)
(309,270905, 852,051941)
(423,740387, 852,051941)
(68,860229, 851,713745)
(103,191437, 851,713745)
(512,481201, 849,631470)
(805,770630, 847,336365)
(423,740387, 846,789124)
(512,481201, 846,789124)
(560,483032, 846,789124)
(593,885010, 846,789124)
(695,452576, 846,789124)
(593,885010, 846,453308)
(695,452576, 846,453369)
(703,992554, 846,453369)
(805,770630, 846,453308)
(931,516174, 846,453308)
(944,282288, 846,453369)
(942,868286, 846,453369)
(948,099304, 846,453308)
(962,443542, 846,453369)
(987,691345, 846,453308)
(194,519455, 845,151550)
(245,226868, 845,151489)
(309,270905, 845,151428)
(310,309723, 845,151428)
(488,801544, 844,934570)
(593,885010, 844,934631)
(695,452576, 844,934570)
(160,707352, 842,612976)
(245,226868, 842,612976)
(309,270905, 842,612976)
(488,801544, 842,612976)
(593,885010, 842,612976)
(628,656616, 842,612915)
(695,452576, 842,612976)
(944,282288, 840,857971)
(948,099304, 840,858032)
(309,270905, 840,272034)
(628,656616, 840,271973)
(695,452576, 840,272034)
(868,972595, 840,271973)
(103,191437, 839,891357)
(132,412308, 839,891296)
(128,534790, 839,891357)
(137,916153, 839,891357)
(145,547089, 839,891296)
(154,444092, 839,891296)
(149,909317, 839,891296)
(160,707352, 839,891296)
(158,845062, 839,891418)
(217,762299, 839,891296)
(309,270905, 839,891296)
(628,656616, 839,891296)
(695,452576, 839,891357)
(944,282288, 839,891296)
(16,290367, 838,975586)
(17,991722, 838,975464)
(24,998247, 838,975525)
(35,785854, 838,975525)
(52,098156, 838,975464)
(53,224682, 838,975525)
(68,860229, 838,975525)
(84,181007, 838,975525)
(537,792419, 837,625427)
(628,656616, 837,625488)
(695,452576, 837,625549)
(103,191437, 837,384216)
(128,534790, 837,384277)
(137,916153, 837,384216)
(145,547089, 837,384216)
(141,781036, 837,384216)
(154,444092, 837,384277)
(149,909317, 837,384216)
(158,845062, 837,384277)
(572,353821, 837,384277)
(628,656616, 837,384216)
(851,264587, 837,384216)
(898,004211, 837,384216)
(534,772583, 836,461914)
(585,261230, 836,461853)
(628,656616, 836,461914)
(534,772583, 835,244385)
(35,785854, 835,181213)
(52,098156, 835,181213)
(53,224682, 835,181274)
(68,860229, 835,181213)
(66,346046, 835,181213)
(84,181007, 835,181213)
(103,191437, 835,181213)
(128,534790, 835,181213)
(137,916153, 835,181213)
(145,547089, 835,181274)
(154,444092, 835,181213)
(149,909317, 835,181213)
(181,941742, 835,181213)
(534,772583, 835,181213)
(84,181007, 834,966858)
(103,191437, 834,966797)
(128,534790, 834,966797)
(137,916153, 834,966858)
(145,547089, 834,966797)
(154,444092, 834,966736)
(149,909317, 834,966858)
(181,941742, 834,966858)
(534,772583, 834,586792)
(68,860229, 833,976624)
(66,346046, 833,976624)
(103,191437, 833,976624)
(128,534790, 833,976624)
(137,916153, 833,976624)
(145,547089, 833,976624)
(154,444092, 833,976685)
(149,909317, 833,976624)
(181,941742, 833,976624)
(332,963715, 833,976624)
(534,772583, 833,976624)
(638,336731, 833,976624)
(332,963715, 829,617432)
(410,368439, 829,617493)
(445,778503, 829,617493)
(299,696625, 829,318665)
(332,963715, 829,318604)
(445,778503, 829,318542)
(529,257996, 829,318604)
(534,772583, 829,318604)
(445,778503, 829,161194)
(529,257996, 829,161194)
(528,379761, 829,161255)
(534,772583, 829,161133)
(529,257996, 829,044006)
(528,379761, 829,043945)
(103,191437, 828,984375)
(137,916153, 828,984375)
(138,932648, 828,984375)
(154,444092, 828,984375)
(149,909317, 828,984314)
(181,941742, 828,984375)
(68,860229, 827,073120)
(66,346046, 827,073059)
(103,191437, 827,073120)
(154,444092, 827,073059)
(149,909317, 827,073059)
(181,941742, 827,073059)
(276,212219, 827,073120)
(292,518250, 827,073059)
(944,282288, 826,954712)
(948,099304, 826,954651)
(962,443542, 826,954712)
(529,257996, 825,282043)
(528,379761, 825,282104)
(658,383118, 825,282104)
(948,099304, 825,282043)
(658,383118, 824,572876)
(529,257996, 823,810547)
(528,379761, 823,810608)
(639,592041, 823,810608)
(529,257996, 823,592590)
(149,909317, 822,201965)
(163,652008, 822,202026)
(35,785854, 819,351929)
(62,171043, 819,351929)
(68,860229, 819,351929)
(66,346046, 819,351868)
(103,191437, 819,351868)
(110,537109, 819,351868)
(17,991722, 819,033203)
(19,604624, 819,033264)
(35,785854, 819,033264)
(62,171043, 819,033264)
(68,860229, 819,033264)
(66,346046, 819,033203)
(110,537109, 819,033203)
(137,458923, 819,033264)
(149,909317, 819,033264)
(163,652008, 819,033264)
(171,984848, 819,033264)
(181,941742, 819,033264)
(194,492996, 819,033264)
(365,428497, 819,033264)
(137,458923, 817,966980)
(149,909317, 817,967041)
(163,652008, 817,966980)
(194,492996, 817,967041)
(310,840607, 816,610718)
(365,428497, 816,610718)
(529,257996, 816,610718)
(695,655090, 816,610718)
(771,531616, 816,610657)
(858,853027, 816,189636)
(871,215454, 816,189636)
(971,069275, 816,189636)
(695,655090, 816,090576)
(871,215454, 816,090576)
(35,785854, 815,381287)
(35,193802, 815,381287)
(62,171043, 815,381287)
(68,860229, 815,381287)
(110,705856, 815,381287)
(149,909317, 815,381287)
(203,062836, 815,381348)
(299,991547, 815,381287)
(310,840607, 815,381287)
(365,428497, 815,381287)
(529,257996, 815,381287)
(695,655090, 815,381287)
(871,215454, 815,381287)
(299,991547, 814,807312)
(310,840607, 814,807312)
(365,428497, 814,807312)
(529,257996, 814,807312)
(871,215454, 814,807312)
(883,390930, 814,807312)
(529,257996, 814,051575)
(50,224304, 811,175781)
(68,860229, 811,175781)
(129,432266, 811,175720)
(149,909317, 811,175720)
(203,062836, 811,175781)
(299,991547, 811,175781)
(310,840607, 811,175720)
(529,257996, 811,175781)
(720,513245, 811,175720)
(871,215454, 811,175781)
(883,390930, 811,175781)
(871,215454, 811,158569)
(529,257996, 811,110657)
(720,513245, 811,110657)
(203,062836, 810,034973)
(299,991547, 810,034973)
(310,840607, 810,034973)
(529,257996, 810,034973)
(641,252258, 810,034973)
(720,513245, 810,035034)
(785,323303, 810,034973)
(299,991547, 809,986450)
(529,257996, 809,986511)
(720,513245, 809,986511)
(529,257996, 809,206604)
(275,312317, 807,472351)
(344,828308, 806,916443)
(676,929871, 803,941956)
(720,513245, 803,941956)
(722,998352, 803,942017)
(593,643921, 802,748474)
(720,513245, 802,748413)
(808,006836, 802,748413)
(808,006836, 802,104187)
(129,432266, 801,392700)
(139,955170, 801,392761)
(203,062836, 801,392700)
(275,312317, 801,392639)
(335,911743, 801,392639)
(344,828308, 801,392700)
(520,906982, 800,643250)
(529,257996, 800,643311)
(129,432266, 799,831299)
(139,955170, 799,831360)
(203,062836, 799,831421)
(257,161865, 799,831299)
(275,312317, 799,831421)
(306,300507, 799,831360)
(344,828308, 799,831299)
(520,906982, 799,831360)
(529,257996, 799,831360)
(551,910034, 799,831360)
(884,400208, 799,378479)
(957,223816, 799,378479)
(966,966492, 799,378540)
(129,432266, 798,331421)
(139,955170, 798,331360)
(203,062836, 798,331421)
(196,826874, 798,331421)
(257,161865, 798,331421)
(275,312317, 798,331421)
(306,300507, 798,331421)
(344,828308, 798,331421)
(520,906982, 798,331421)
(529,257996, 798,331360)
(720,513245, 798,331421)
(768,230042, 798,331360)
(808,006836, 798,331421)
(869,992371, 798,331421)
(139,955170, 798,329834)
(196,826874, 798,329834)
(257,161865, 798,329834)
(275,312317, 798,329773)
(520,906982, 798,329773)
(529,257996, 798,329773)
(196,826874, 798,170654)
(257,161865, 798,170593)
(275,312317, 798,170593)
(25,653542, 794,771667)
(35,193802, 794,771667)
(50,224304, 794,771667)
(68,860229, 794,771729)
(129,432266, 794,771606)
(196,826874, 794,771606)
(216,937119, 794,771606)
(257,161865, 794,771667)
(275,312317, 794,771606)
(720,513245, 794,532349)
(768,230042, 794,532288)
(775,160706, 794,532288)
(808,006836, 794,532349)
(768,230042, 793,194519)
(775,160706, 793,194580)
(808,006836, 793,194580)
(853,437378, 793,194519)
(16,612827, 793,121887)
(19,988060, 793,121948)
(25,653542, 793,121948)
(35,193802, 793,122009)
(42,093872, 793,121948)
(68,860229, 793,122009)
(129,432266, 793,121948)
(196,826874, 793,121948)
(265,414429, 791,352112)
(290,409210, 791,352051)
(452,047821, 791,352051)
(68,860229, 788,411560)
(129,432266, 788,411560)
(196,826874, 788,411499)
(265,414429, 788,411560)
(290,409210, 788,411499)
(366,399811, 788,411560)
(452,047821, 788,411499)
(529,257996, 788,411560)
(542,692078, 788,411560)
(613,423767, 788,411560)
(290,409210, 787,541382)
(452,047821, 787,541382)
(265,414429, 786,921509)
(290,409210, 786,921448)
(452,047821, 786,921509)
(529,257996, 786,921509)
(542,692078, 786,921509)
(613,423767, 784,349121)
(720,513245, 784,349182)
(727,123047, 784,349182)
(754,206787, 784,349182)
(265,414429, 782,459900)
(261,450287, 782,459900)
(290,409210, 782,459839)
(367,821228, 782,459900)
(390,922852, 782,459900)
(529,257996, 782,459961)
(542,692078, 782,459900)
(589,279541, 782,459961)
(701,152039, 782,459900)
(720,513245, 782,459839)
(727,123047, 782,459900)
(754,206787, 782,459839)
(775,160706, 782,459900)
(808,006836, 782,459900)
(16,612827, 781,332825)
(19,988060, 781,332886)
(23,106396, 781,332825)
(25,653542, 781,332825)
(35,193802, 781,332886)
(68,860229, 781,332825)
(144,574646, 781,332886)
(265,414429, 781,332825)
(261,450287, 781,332825)
(290,409210, 781,332825)
(519,897827, 780,788696)
(542,692078, 780,788696)
(589,279541, 780,788696)
(678,063171, 780,788696)
(701,152039, 780,788696)
(720,513245, 780,788696)
(727,123047, 780,788696)
(775,160706, 780,788696)
(808,006836, 780,788757)
(815,033447, 780,788696)
(853,437378, 780,788696)
(857,814026, 780,788696)
(35,193802, 779,178345)
(68,860229, 779,178345)
(161,425415, 779,178345)
(265,414429, 779,178345)
(261,450287, 779,178284)
(290,409210, 779,178345)
(381,532074, 779,178345)
(678,063171, 777,179749)
(701,152039, 777,179749)
(719,778931, 777,179688)
(775,160706, 777,179749)
(701,152039, 776,535034)
(721,364441, 776,535034)
(808,006836, 776,534973)
(815,033447, 776,534973)
(170,808136, 775,896667)
(236,095078, 775,896729)
(261,450287, 775,896729)
(290,409210, 775,896667)
(320,901154, 775,896667)
(381,532074, 775,896667)
(396,353241, 775,896667)
(417,363770, 775,896667)
(519,897827, 775,896667)
(542,692078, 775,896667)
(678,063171, 775,896606)
(701,152039, 775,896729)
(721,364441, 775,896667)
(808,006836, 775,896729)
(542,692078, 775,427307)
(721,364441, 775,427307)
(808,006836, 775,427307)
(542,692078, 774,962341)
(290,409210, 772,715027)
(320,901154, 772,715088)
(335,932800, 772,715027)
(381,532074, 772,715027)
(519,897827, 772,132690)
(542,692078, 772,132629)
(290,409210, 771,702881)
(320,901154, 771,702942)
(335,932800, 771,702942)
(396,353241, 771,702942)
(25,653542, 770,140503)
(35,193802, 770,140625)
(68,860229, 770,140564)
(74,494781, 770,140625)
(106,545212, 770,140564)
(144,675735, 770,140625)
(271,877472, 770,140564)
(290,409210, 770,140625)
(320,901154, 770,140564)
(335,932800, 770,140564)
(390,596039, 770,140564)
(519,897827, 770,140564)
(520,530273, 770,140564)
(542,692078, 770,140625)
(519,897827, 769,489624)
(520,530273, 769,489624)
(542,692078, 769,489624)
(144,675735, 769,480530)
(271,877472, 769,480530)
(290,409210, 769,480591)
(320,901154, 769,480530)
(390,596039, 769,480591)
(520,530273, 769,480591)
(542,692078, 769,480591)
(553,749023, 769,480530)
(290,409210, 768,829041)
(320,901154, 768,829041)
(332,110229, 768,829041)
(390,596039, 768,829102)
(520,530273, 768,829041)
(542,692078, 768,829102)
(553,749023, 768,829041)
(320,901154, 766,342102)
(332,110229, 766,342041)
(520,530273, 766,342163)
(542,692078, 766,342163)
(553,749023, 766,342102)
(843,035095, 766,342102)
(861,495972, 766,342041)
(873,705200, 766,342102)
(930,824890, 766,342102)
(966,966492, 766,342163)
(971,035278, 766,342102)
(971,748047, 766,342102)
(969,832520, 766,342041)
(520,530273, 764,713074)
(542,692078, 764,713013)
(542,692078, 764,503235)
(25,653542, 764,304321)
(35,193802, 764,304321)
(68,860229, 764,304321)
(74,494781, 764,304321)
(106,545212, 764,304321)
(144,675735, 764,304321)
(195,325790, 764,304321)
(232,474625, 764,304382)
(271,877472, 764,304321)
(290,409210, 764,304321)
(292,243347, 764,304321)
(320,901154, 764,304321)
(332,110229, 764,304321)
(542,692078, 764,304321)
(930,824890, 763,442017)
(435,529175, 761,003296)
(523,485901, 761,003357)
(542,692078, 761,003418)
(618,497253, 761,003357)
(276,617645, 760,448608)
(290,409210, 760,448669)
(292,243347, 760,448608)
(320,901154, 760,448669)
(332,110229, 760,448669)
(435,529175, 760,448547)
(523,485901, 760,448608)
(542,692078, 760,448608)
(548,235107, 760,448608)
(646,969421, 760,448669)
(646,969421, 759,989990)
(68,860229, 759,408630)
(74,494781, 759,408691)
(101,694168, 759,408630)
(144,675735, 759,408630)
(155,386505, 759,408691)
(157,886505, 759,408691)
(276,617645, 759,408630)
(290,409210, 759,408630)
(292,243347, 759,408630)
(320,901154, 759,408630)
(435,529175, 759,408630)
(523,485901, 759,408630)
(542,692078, 759,408630)
(548,235107, 759,408630)
(646,969421, 759,408691)
(128,541595, 757,966309)
(155,386505, 757,966309)
(202,932602, 757,966248)
(250,944321, 757,966309)
(276,617645, 757,966309)
(290,409210, 757,966309)
(292,243347, 757,966309)
(320,901154, 757,966309)
(450,436584, 757,966370)
(523,485901, 757,966309)
(542,692078, 757,966309)
(548,235107, 757,966309)
(12,697935, 757,094910)
(13,042986, 757,094971)
(15,401066, 757,094910)
(14,990509, 757,094910)
(16,612827, 757,094910)
(19,988060, 757,094910)
(23,106396, 757,094849)
(17,148136, 757,094971)
(25,653542, 757,094910)
(25,170921, 757,094849)
(74,494781, 757,094910)
(101,694168, 757,094910)
(155,386505, 757,094971)
(202,932602, 757,094910)
(276,617645, 757,094910)
(290,409210, 757,094910)
(320,901154, 757,094910)
(523,485901, 757,094910)
(542,692078, 757,094971)
(548,235107, 757,094971)
(566,205200, 757,094971)
(646,969421, 757,094910)
(320,901154, 755,161438)
(439,168701, 755,047485)
(290,409210, 754,626404)
(306,417694, 754,626404)
(320,901154, 754,626404)
(439,168701, 754,626404)
(523,485901, 754,626404)
(542,692078, 754,626404)
(548,235107, 754,626404)
(566,205200, 754,626465)
(573,150391, 754,626465)
(603,352295, 754,626465)
(646,969421, 754,626465)
(752,814575, 754,626465)
(523,485901, 754,455017)
(542,692078, 754,455017)
(548,235107, 754,455017)
(155,386505, 753,522278)
(202,932602, 753,522278)
(216,614120, 753,522278)
(290,409210, 753,522339)
(306,417694, 753,522339)
(320,901154, 753,522339)
(468,314575, 753,522339)
(523,485901, 753,281433)
(542,692078, 753,281372)
(566,205200, 753,281372)
(573,150391, 753,281372)
(603,352295, 753,281372)
(646,969421, 753,281372)
(290,409210, 753,178467)
(306,417694, 753,178467)
(523,485901, 753,178467)
(542,692078, 753,178406)
(566,205200, 753,178406)
(573,150391, 753,178467)
(603,352295, 753,178406)
(646,969421, 753,178528)
(523,485901, 751,828430)
(542,692078, 751,828369)
(573,150391, 751,828430)
(603,352295, 751,828491)
(646,969421, 751,828491)
(216,614120, 751,674438)
(263,355438, 751,674438)
(290,409210, 751,674438)
(306,417694, 751,674500)
(290,409210, 750,457336)
(306,417694, 750,457397)
(290,409210, 750,428467)
(290,409210, 749,845520)
(523,485901, 749,845459)
(542,692078, 749,845581)
(290,409210, 748,213867)
(356,178772, 748,213806)
(472,517670, 748,213806)
(290,409210, 747,708862)
(472,517670, 747,708862)
(523,485901, 747,708923)
(542,692078, 747,708862)
(573,150391, 747,708923)
(603,352295, 747,708923)
(646,969421, 747,708923)
(898,822754, 747,708862)
(290,409210, 744,844666)
(523,485901, 744,844543)
(573,150391, 744,844666)
(603,352295, 744,844604)
(290,409210, 744,127319)
(462,921143, 744,127319)
(462,921143, 744,084839)
(523,485901, 744,084839)
(573,150391, 744,084839)
(640,530701, 741,412903)
(573,150391, 740,977478)
(640,530701, 740,977478)
(175,112839, 740,950256)
(251,865631, 740,950195)
(290,409210, 740,950256)
(298,634460, 740,950317)
(573,150391, 740,950256)
(640,530701, 740,950317)
(696,329102, 740,950256)
(290,409210, 740,723083)
(298,634460, 740,723083)
(640,530701, 740,723022)
(251,865631, 739,178345)
(252,247925, 739,178345)
(290,409210, 739,178406)
(298,634460, 739,178345)
(431,326141, 739,178345)
(881,775330, 739,178345)
(898,822754, 739,178345)
(933,515198, 739,178345)
(971,748047, 739,178345)
(976,364075, 739,178406)
(988,766846, 739,178345)
(990,748108, 739,178345)
(251,865631, 737,067200)
(252,247925, 737,067261)
(881,775330, 734,708008)
(889,787720, 734,708069)
(898,822754, 734,708069)
(290,409210, 733,598145)
(298,634460, 733,598145)
(297,620056, 733,598206)
(311,129211, 733,598145)
(309,588562, 733,598145)
(348,682281, 733,598145)
(388,832092, 733,598145)
(482,621796, 733,598083)
(491,808899, 733,598145)
(656,561646, 733,598083)
(692,485779, 733,598145)
(482,621796, 730,685425)
(656,561646, 730,685425)
(290,409210, 729,973877)
(298,634460, 729,973816)
(311,129211, 729,973816)
(309,588562, 729,973877)
(348,682281, 729,973816)
(384,948853, 729,973877)
(482,621796, 729,973816)
(608,757324, 729,973816)
(656,561646, 729,973755)
(708,165710, 729,973816)
(898,822754, 729,973816)
(938,879517, 729,973877)
(592,986267, 726,139587)
(608,757324, 726,139587)
(592,986267, 725,618042)
(608,757324, 725,618042)
(31,735302, 724,950073)
(74,494781, 724,950073)
(75,283829, 724,950073)
(110,652145, 724,950073)
(290,409210, 724,950073)
(298,634460, 724,950073)
(311,129211, 724,950073)
(309,588562, 724,950073)
(384,948853, 724,950073)
(515,677734, 724,950073)
(592,986267, 724,950073)
(608,757324, 724,950012)
(74,494781, 723,783020)
(139,078735, 723,783020)
(298,634460, 723,783020)
(311,129211, 723,783020)
(384,948853, 723,783020)
(592,986267, 723,782959)
(608,757324, 723,783020)
(298,634460, 723,099182)
(311,129211, 723,099243)
(384,948853, 723,099243)
(608,757324, 723,099243)
(384,948853, 723,035583)
(608,757324, 723,035706)
(608,757324, 721,322449)
(139,078735, 720,390137)
(286,084656, 720,390137)
(298,634460, 720,390076)
(384,297668, 720,390137)
(608,757324, 720,390137)
(384,297668, 717,413757)
(438,635223, 717,413818)
(139,078735, 715,377136)
(165,470963, 715,377136)
(286,084656, 715,377075)
(298,634460, 715,377075)
(311,704651, 715,377075)
(384,297668, 715,377136)
(608,757324, 715,377136)
(690,967346, 715,377136)
(298,634460, 714,239929)
(311,704651, 714,239929)
(608,757324, 714,239990)
(690,967346, 714,239929)
(113,052193, 712,757507)
(139,078735, 712,757507)
(138,367828, 712,757446)
(140,166336, 712,757446)
(141,117691, 712,757507)
(311,704651, 712,757507)
(25,170921, 711,901306)
(42,080818, 711,901306)
(74,494781, 711,901306)
(139,078735, 711,901306)
(140,166336, 711,901306)
(167,051071, 711,901306)
(262,419220, 711,901306)
(311,704651, 711,901367)
(383,549866, 711,901306)
(520,932983, 711,901306)
(589,022949, 711,901306)
(608,757324, 711,901367)
(262,419220, 709,411865)
(383,155457, 709,411926)
(520,932983, 709,411926)
(38,427353, 709,408325)
(42,080818, 709,408325)
(74,494781, 709,408325)
(139,078735, 709,408325)
(140,166336, 709,408325)
(167,051071, 709,408386)
(383,155457, 709,408386)
(520,932983, 709,408386)
(520,932983, 709,201599)
(589,022949, 709,201599)
(608,757324, 709,201599)
(589,022949, 708,369324)
(587,818970, 708,369324)
(167,051071, 707,807373)
(608,757324, 707,292297)
(904,676147, 707,292297)
(908,026428, 707,292297)
(904,676147, 705,720642)
(926,037292, 705,720581)
(924,258850, 705,720581)
(938,879517, 705,720581)
(971,748047, 705,720581)
(973,365967, 705,720581)
(977,547302, 705,720581)
(421,731720, 702,599304)
(414,939636, 702,599304)
(426,842804, 702,599304)
(510,905212, 702,599243)
(520,932983, 702,599304)
(679,146851, 702,599304)
(520,932983, 700,971191)
(680,708435, 700,971191)
(904,676147, 700,971191)
(345,616577, 700,362427)
(348,021973, 700,362427)
(373,388306, 700,362366)
(421,731720, 700,362427)
(414,939636, 700,362366)
(520,932983, 700,362366)
(581,996521, 700,362366)
(669,066772, 700,362427)
(680,708435, 700,362427)
(124,882874, 698,991882)
(139,078735, 698,991882)
(140,166336, 698,991882)
(167,051071, 698,991882)
(205,973511, 698,991882)
(345,616577, 698,991882)
(348,021973, 698,991882)
(373,388306, 698,991882)
(414,939636, 698,991882)
(520,932983, 698,991943)
(581,996521, 698,991821)
(904,676147, 698,991882)
(345,616577, 696,655334)
(373,388306, 696,655334)
(414,939636, 696,655273)
(520,932983, 696,655273)
(695,284241, 694,527466)
(748,171997, 694,527527)
(926,037292, 694,527466)
(924,258850, 694,527466)
(938,879517, 694,527527)
(971,748047, 694,527466)
(973,365967, 694,527466)
(520,932983, 693,423523)
(581,996521, 693,423462)
(695,284241, 693,423462)
(74,494781, 690,460754)
(93,309578, 690,460876)
(95,480682, 690,460815)
(124,882874, 690,460754)
(140,166336, 690,460876)
(167,051071, 690,460876)
(74,494781, 690,345642)
(95,480682, 690,345581)
(124,882874, 690,345520)
(140,166336, 690,345581)
(348,301941, 690,345581)
(348,301941, 687,360107)
(520,932983, 687,360046)
(581,996521, 687,360046)
(520,932983, 686,754211)
(581,996521, 686,754272)
(641,099670, 686,754211)
(667,960022, 686,754211)
(140,166336, 682,485474)
(145,981964, 682,485413)
(194,102997, 682,485413)
(260,973389, 682,485413)
(348,301941, 682,485352)
(367,911591, 682,485413)
(367,911591, 681,700500)
(194,102997, 678,404480)
(192,512390, 678,404480)
(260,973389, 678,404480)
(259,698090, 678,404480)
(124,882874, 677,728638)
(145,981964, 677,728638)
(194,102997, 677,728638)
(192,512390, 677,728638)
(259,698090, 677,728638)
(367,911591, 677,148987)
(520,932983, 677,148987)
(581,996521, 677,148987)
(594,529724, 677,148987)
(194,102997, 676,330200)
(192,512390, 676,330200)
(259,698090, 676,330200)
(367,911591, 676,330139)
(520,932983, 675,708069)
(581,996521, 675,708130)
(641,099670, 675,708069)
(734,145264, 675,708130)
(748,171997, 675,708069)
(763,859314, 675,708130)
(796,219910, 675,708130)
(926,037292, 675,708130)
(42,080818, 675,573303)
(39,340137, 675,573303)
(74,494781, 675,573303)
(82,800987, 675,573303)
(124,882874, 675,573242)
(131,405289, 675,573364)
(194,102997, 675,573303)
(367,911591, 675,573303)
(520,932983, 675,573303)
(581,996521, 675,573303)
(748,171997, 675,573303)
(796,219910, 675,573242)
(124,882874, 672,806702)
(131,405289, 672,806763)
(194,102997, 672,806702)
(291,488403, 672,806763)
(291,488403, 672,480164)
(291,488403, 672,451660)
(637,219727, 671,950134)
(468,592712, 671,746582)
(520,932983, 671,746643)
(581,996521, 671,746582)
(926,037292, 671,328064)
(966,085693, 671,328125)
(971,748047, 671,328064)
(978,021667, 671,328064)
(982,439880, 671,328064)
(581,996521, 667,961426)
(748,171997, 667,961487)
(747,632690, 667,961426)
(796,219910, 667,961487)
(926,037292, 667,961487)
(747,632690, 666,929321)
(796,219910, 666,929382)
(291,488403, 666,661011)
(311,125885, 666,661072)
(327,310974, 666,661011)
(410,302216, 666,661011)
(468,592712, 666,661072)
(510,691406, 666,661072)
(747,632690, 666,661072)
(796,219910, 666,661072)
(410,302216, 666,217224)
(747,632690, 666,217163)
(966,085693, 666,217163)
(971,748047, 666,217163)
(982,439880, 666,217163)
(747,632690, 665,897217)
(25,170921, 665,310608)
(38,427353, 665,310608)
(32,399357, 665,310608)
(61,886669, 665,310669)
(74,494781, 665,310669)
(124,882874, 665,310669)
(131,405289, 665,310669)
(287,340881, 665,310669)
(291,488403, 665,310608)
(410,302216, 665,310608)
(747,632690, 665,310608)
(747,632690, 663,061890)
(771,585022, 663,061890)
(771,585022, 662,888794)
(813,057007, 662,888794)
(16,612827, 662,096741)
(19,988060, 662,096802)
(23,106396, 662,096802)
(17,148136, 662,096741)
(22,388638, 662,096802)
(21,365225, 662,096802)
(25,170921, 662,096802)
(23,575127, 662,096741)
(318,389832, 658,527588)
(315,364136, 658,527710)
(379,958679, 658,527710)
(527,084595, 658,527649)
(591,827698, 658,527588)
(586,256653, 658,527588)
(633,807312, 658,527649)
(650,917725, 658,527649)
(287,340881, 657,117371)
(291,488403, 657,117310)
(527,084595, 657,117371)
(586,256653, 657,117310)
(647,190063, 657,117371)
(650,917725, 657,117310)
(25,170921, 656,456360)
(68,223595, 656,456421)
(74,494781, 656,456360)
(124,882874, 656,456360)
(131,405289, 656,456421)
(247,967178, 656,456421)
(287,340881, 656,456360)
(291,488403, 656,456421)
(527,084595, 656,456360)
(558,048584, 656,456360)
(647,190063, 656,456360)
(650,917725, 656,456421)
(755,275757, 656,456360)
(247,967178, 653,245361)
(527,084595, 653,108398)
(558,048584, 653,108337)
(647,190063, 653,108398)
(650,917725, 653,108398)
(755,275757, 653,108337)
(799,967041, 653,108337)
(247,967178, 651,550476)
(291,488403, 651,550476)
(303,352600, 651,550476)
(527,084595, 651,550476)
(647,190063, 651,550476)
(650,917725, 651,550476)
(666,050354, 651,550476)
(748,888977, 651,550476)
(755,275757, 651,550476)
(799,967041, 651,550476)
(647,190063, 650,640808)
(650,917725, 650,640808)
(666,050354, 650,640808)
(748,888977, 650,640808)
(647,190063, 649,797546)
(650,917725, 649,797485)
(666,050354, 649,797485)
(748,888977, 649,797485)
(799,967041, 649,797485)
(802,697510, 649,797485)
(647,190063, 648,617432)
(650,917725, 648,617432)
(666,050354, 648,617432)
(748,888977, 648,617432)
(779,951111, 648,617432)
(799,967041, 648,617432)
(802,697510, 648,617432)
(303,352600, 647,435486)
(297,181915, 647,435486)
(303,352600, 646,236145)
(297,181915, 646,236206)
(525,881287, 645,933533)
(622,639160, 645,933472)
(647,190063, 645,933533)
(650,917725, 645,933472)
(666,050354, 645,933411)
(748,888977, 645,933472)
(247,967178, 644,223206)
(284,859650, 644,223206)
(303,352600, 644,223206)
(311,023590, 644,223206)
(344,494873, 644,223206)
(525,881287, 644,223145)
(622,639160, 644,223206)
(639,486145, 644,223145)
(647,190063, 644,223206)
(644,706116, 644,223206)
(650,917725, 644,223206)
(748,888977, 644,223206)
(779,951111, 644,223206)
(284,859650, 641,231567)
(303,352600, 641,231506)
(311,023590, 641,231506)
(313,913300, 641,231567)
(344,494873, 641,231506)
(525,881287, 641,231567)
(622,639160, 641,231506)
(639,486145, 641,231567)
(647,190063, 641,231567)
(650,917725, 641,231506)
(284,859650, 640,457825)
(303,352600, 640,457825)
(311,023590, 640,457886)
(525,881287, 640,457886)
(622,639160, 640,457886)
(639,486145, 640,457886)
(647,190063, 640,457886)
(650,917725, 640,457825)
(525,881287, 638,394287)
(68,223595, 638,200256)
(69,179413, 638,200256)
(87,613640, 638,200317)
(94,358269, 638,200256)
(124,882874, 638,200256)
(131,405289, 638,200256)
(147,234680, 638,200256)
(176,149429, 638,200256)
(256,921295, 638,200317)
(284,859650, 638,200256)
(303,352600, 638,200317)
(525,881287, 638,200256)
(647,190063, 638,200256)
(650,917725, 638,200256)
(284,859650, 637,346008)
(634,228760, 633,419006)
(647,190063, 633,419006)
(650,917725, 633,419006)
(714,141846, 633,419006)
(748,888977, 633,419006)
(750,793701, 633,419067)
(779,951111, 633,419067)
(803,653076, 633,419006)
(810,778625, 633,419006)
(284,859650, 631,785828)
(341,887604, 631,785828)
(525,881287, 631,785828)
(525,541931, 631,785828)
(650,917725, 631,785889)
(714,141846, 631,785889)
(803,653076, 631,785828)
(573,483093, 631,483398)
(573,483093, 630,125183)
(628,560364, 630,125183)
(341,887604, 627,944641)
(355,593628, 627,944641)
(525,881287, 627,944641)
(525,541931, 627,944641)
(573,483093, 627,944641)
(572,926086, 627,944641)
(643,824585, 627,944641)
(573,483093, 624,753601)
(586,656616, 624,753601)
(643,824585, 624,753662)
(284,859650, 620,086365)
(302,157806, 620,086426)
(355,593628, 620,086426)
(364,228241, 620,086365)
(392,707581, 620,086426)
(525,881287, 620,086426)
(525,541931, 620,086426)
(573,483093, 620,086426)
(703,750061, 620,086426)
(922,845947, 620,086426)
(110,495628, 618,269348)
(122,938454, 618,269348)
(131,405289, 618,269348)
(126,225471, 618,269348)
(183,075607, 618,269348)
(189,867676, 618,269348)
(208,300110, 618,269348)
(284,859650, 618,269409)
(320,003204, 618,269348)
(525,881287, 618,269348)
(525,541931, 618,269348)
(573,483093, 618,269348)
(703,750061, 618,269348)
(131,405289, 617,828186)
(126,225471, 617,828186)
(183,075607, 617,828186)
(208,300110, 617,828186)
(284,859650, 617,828125)
(320,003204, 617,828125)
(525,881287, 617,828186)
(525,541931, 617,828186)
(703,750061, 617,828186)
(637,094055, 617,270447)
(284,859650, 616,309082)
(525,881287, 615,553467)
(637,094055, 615,553467)
(703,750061, 615,553467)
(735,223755, 615,553467)
(743,602478, 615,553467)
(767,177979, 615,553406)
(922,845947, 615,553467)
(525,881287, 614,971558)
(25,170921, 613,370972)
(32,610477, 613,370911)
(131,405289, 613,370911)
(183,075607, 612,192261)
(525,881287, 612,192261)
(592,114380, 612,192261)
(624,354980, 612,192261)
(703,750061, 612,192261)
(710,624146, 612,192261)
(735,223755, 612,192261)
(743,602478, 612,192261)
(767,177979, 612,192261)
(525,881287, 610,457947)
(547,299438, 610,457947)
(592,114380, 610,458008)
(702,129395, 610,458008)
(703,750061, 610,458008)
(710,624146, 610,458008)
(735,223755, 610,458008)
(767,177979, 610,458008)
(767,177979, 610,095703)
(547,299438, 606,480957)
(271,138245, 606,023132)
(547,299438, 606,023071)
(702,129395, 606,023071)
(271,138245, 605,950562)
(840,320862, 605,950562)
(922,845947, 605,950562)
(271,138245, 605,789856)
(16,612827, 602,903442)
(21,365225, 602,903442)
(32,610477, 602,903381)
(131,405289, 602,903442)
(780,011047, 602,845276)
(840,320862, 602,845215)
(780,011047, 599,922668)
(16,612827, 599,110535)
(21,365225, 599,110535)
(131,405289, 599,110535)
(138,807831, 599,110474)
(138,017899, 599,110474)
(271,138245, 599,110474)
(312,155426, 599,110474)
(589,536255, 599,110535)
(271,138245, 598,994385)
(16,612827, 598,409485)
(138,807831, 598,409546)
(138,017899, 598,409485)
(271,138245, 598,409485)
(589,536255, 598,409485)
(780,011047, 598,409546)
(589,536255, 597,315247)
(138,807831, 596,783325)
(138,017899, 596,783386)
(271,138245, 596,783386)
(687,034180, 595,788757)
(544,394043, 593,842285)
(271,138245, 593,134827)
(544,394043, 591,753845)
(138,807831, 590,509705)
(138,017899, 590,509705)
(134,700653, 590,509705)
(258,576324, 590,509644)
(271,138245, 590,509644)
(349,781586, 590,509644)
(687,034180, 589,325562)
(780,011047, 589,325562)
(544,394043, 588,906982)
(547,687256, 588,906982)
(589,536255, 588,906982)
(89,503647, 588,377869)
(138,807831, 588,377869)
(138,017899, 588,377869)
(271,138245, 588,377869)
(285,414581, 588,377869)
(349,781586, 588,377869)
(138,807831, 587,218750)
(138,017899, 587,218750)
(271,138245, 587,218750)
(349,781586, 587,218750)
(570,448059, 586,826477)
(646,448975, 586,826477)
(780,011047, 586,826477)
(138,807831, 585,194275)
(138,017899, 585,194275)
(231,053177, 585,194275)
(271,138245, 585,194275)
(349,781586, 585,194275)
(379,264343, 585,194275)
(579,466431, 585,194275)
(713,417236, 584,316040)
(780,011047, 584,316040)
(910,027344, 584,316040)
(982,439880, 584,316040)
(184,218765, 583,613037)
(231,053177, 583,613037)
(271,138245, 583,613037)
(349,781586, 583,612976)
(579,466431, 583,613037)
(589,672424, 583,613037)
(677,964539, 583,613037)
(713,417236, 583,612976)
(677,964539, 583,325684)
(713,417236, 583,325684)
(138,807831, 583,216797)
(138,017899, 583,216797)
(231,053177, 583,216797)
(271,138245, 583,216797)
(349,781586, 583,216736)
(579,466431, 583,216797)
(589,672424, 583,216797)
(713,417236, 583,216858)
(589,672424, 582,781982)
(589,672424, 581,583923)
(721,931213, 581,583923)
(16,612827, 580,857971)
(95,281242, 580,857971)
(138,807831, 580,857971)
(138,017899, 580,857971)
(589,672424, 580,250732)
(448,034760, 580,141052)
(589,672424, 580,141052)
(716,647095, 580,141113)
(448,034760, 579,440186)
(589,672424, 579,404602)
(634,278809, 579,404602)
(589,672424, 576,591614)
(634,278809, 576,591675)
(684,262756, 576,591675)
(138,807831, 575,468689)
(138,017899, 575,468689)
(137,855057, 575,468689)
(186,398865, 575,468689)
(357,320374, 575,468689)
(484,601685, 572,922119)
(589,672424, 572,922058)
(634,278809, 572,922119)
(697,609924, 572,922058)
(716,647095, 572,922058)
(138,807831, 572,761047)
(137,855057, 572,761108)
(168,676910, 572,761108)
(357,320374, 572,761047)
(357,320374, 572,005066)
(16,612827, 571,844116)
(98,547874, 571,844055)
(137,855057, 571,844055)
(168,676910, 571,844116)
(98,547874, 571,659241)
(137,855057, 571,659241)
(168,676910, 571,659241)
(357,320374, 571,659241)
(589,672424, 571,659241)
(357,320374, 566,616028)
(377,903473, 566,616089)
(589,672424, 566,616028)
(634,278809, 566,616089)
(656,044617, 566,616028)
(666,118591, 566,616089)
(634,278809, 566,037231)
(656,044617, 566,037292)
(697,609924, 566,037231)
(357,320374, 561,884216)
(378,727783, 561,884155)
(431,096069, 561,884216)
(589,672424, 561,884216)
(656,044617, 561,884216)
(697,609924, 561,884155)
(827,953369, 561,884155)
(848,668945, 561,884155)
(903,575989, 561,884216)
(914,749451, 561,884216)
(589,672424, 561,838867)
(656,044617, 561,838928)
(697,609924, 561,838928)
(138,022903, 560,326538)
(168,676910, 560,326538)
(378,727783, 559,889648)
(85,306229, 559,343689)
(98,547874, 559,343750)
(138,022903, 559,343689)
(168,676910, 559,343750)
(286,315552, 559,343689)
(570,914734, 557,024902)
(589,672424, 557,024841)
(631,146240, 557,024841)
(656,044617, 557,024841)
(697,609924, 557,024902)
(754,223572, 557,024902)
(589,672424, 556,125122)
(656,044617, 556,125061)
(697,609924, 556,125061)
(729,633240, 556,125061)
(754,223572, 556,125122)
(848,668945, 556,125061)
(901,500793, 556,125061)
(914,749451, 556,125061)
(589,672424, 555,353455)
(168,676910, 555,339661)
(286,315552, 555,304932)
(589,672424, 555,304932)
(286,315552, 555,015259)
(589,672424, 555,015259)
(656,044617, 555,015259)
(589,672424, 554,961365)
(594,265930, 554,961365)
(656,044617, 554,961365)
(697,609924, 554,961365)
(754,223572, 554,961365)
(85,306229, 554,936340)
(98,547874, 554,936340)
(138,022903, 554,936340)
(286,315552, 554,936340)
(85,306229, 554,838257)
(98,547874, 554,838257)
(138,022903, 554,838257)
(463,949493, 554,838257)
(594,265930, 554,838318)
(656,044617, 554,838257)
(594,265930, 554,072571)
(754,223572, 554,072632)
(838,193909, 554,072632)
(901,500793, 554,072632)
(914,749451, 554,072632)
(982,439880, 554,072632)
(984,851379, 554,072632)
(988,949036, 554,072632)
(754,223572, 553,868774)
(85,306229, 552,107483)
(138,022903, 552,107483)
(463,949493, 552,107422)
(488,861328, 552,107483)
(754,223572, 552,107483)
(776,164673, 552,107422)
(754,223572, 551,977661)
(901,500793, 551,977661)
(914,749451, 551,977722)
(528,281677, 551,664612)
(914,749451, 551,664551)
(528,281677, 550,868774)
(463,949493, 550,808167)
(528,281677, 550,808228)
(463,949493, 549,712463)
(528,281677, 549,712463)
(56,604206, 549,629639)
(138,022903, 549,629639)
(364,893921, 546,786804)
(518,632385, 546,786804)
(528,281677, 546,786804)
(791,622498, 546,786804)
(138,022903, 546,640747)
(364,893921, 546,640686)
(518,632385, 546,640686)
(528,281677, 546,640686)
(138,022903, 545,163635)
(138,022903, 544,967651)
(138,022903, 543,612671)
(301,558746, 543,612671)
(364,893921, 543,612610)
(138,022903, 542,764038)
(409,163055, 542,101990)
(455,644714, 542,102051)
(727,000610, 541,299805)
(734,097595, 541,299744)
(846,567688, 541,299744)
(913,543945, 541,299744)
(409,163055, 540,970703)
(472,062103, 540,970764)
(518,632385, 540,970703)
(528,281677, 540,970703)
(596,896729, 540,970764)
(727,000610, 540,970703)
(734,097595, 540,970703)
(192,557449, 536,838745)
(528,281677, 536,481262)
(581,247986, 536,481323)
(623,128235, 536,481262)
(398,533936, 534,950684)
(400,199646, 534,950684)
(518,632385, 532,895508)
(528,281677, 532,895508)
(581,247986, 532,895569)
(623,128235, 532,895569)
(727,000610, 532,895508)
(734,097595, 532,895508)
(737,442505, 532,895508)
(518,632385, 530,000061)
(528,281677, 530,000061)
(562,226868, 530,000061)
(572,627014, 530,000061)
(581,247986, 530,000061)
(578,690369, 530,000061)
(518,632385, 529,879639)
(528,281677, 529,879639)
(562,226868, 529,879639)
(572,627014, 529,879639)
(578,690369, 529,879639)
(623,128235, 529,879639)
(727,000610, 529,879639)
(734,097595, 529,879639)
(794,905762, 529,879639)
(846,567688, 529,879639)
(528,281677, 529,783264)
(562,226868, 529,783264)
(578,690369, 529,783264)
(727,000610, 528,758057)
(734,097595, 528,758118)
(513,028381, 527,162476)
(528,281677, 527,162537)
(562,226868, 527,162476)
(578,690369, 527,162476)
(582,127869, 527,162476)
(694,409912, 527,162537)
(727,000610, 527,162476)
(734,097595, 527,162476)
(794,905762, 527,162476)
(846,567688, 527,162537)
(879,651489, 527,162537)
(734,097595, 524,985413)
(846,567688, 524,985413)
(879,651489, 524,985352)
(913,543945, 524,985352)
(734,097595, 524,495056)
(236,241699, 523,717590)
(269,124573, 523,717651)
(513,028381, 523,717590)
(528,281677, 523,717590)
(533,486511, 523,717590)
(578,690369, 523,717590)
(582,127869, 523,717590)
(533,486511, 520,712280)
(578,690369, 520,712280)
(582,127869, 520,712341)
(734,097595, 520,712341)
(269,124573, 520,002991)
(734,097595, 519,749268)
(236,241699, 517,901489)
(269,124573, 517,901489)
(269,124573, 516,211182)
(269,054352, 516,211182)
(513,028381, 516,211182)
(528,281677, 516,211243)
(533,486511, 516,211243)
(578,690369, 516,211243)
(734,097595, 516,211182)
(842,827454, 516,211243)
(879,651489, 516,211243)
(734,097595, 515,479370)
(269,124573, 512,681091)
(269,054352, 512,681091)
(315,754547, 512,681091)
(317,384674, 512,681152)
(442,588165, 512,681091)
(528,281677, 512,681152)
(533,486511, 512,681091)
(541,057739, 512,681091)
(578,690369, 512,681091)
(734,097595, 512,681091)
(913,543945, 512,681152)
(941,857849, 512,681030)
(734,097595, 510,556519)
(50,857185, 510,273590)
(63,601852, 510,273621)
(645,969360, 509,619446)
(269,124573, 509,507813)
(269,054352, 509,507813)
(339,511322, 509,507782)
(528,281677, 509,507813)
(541,057739, 509,507843)
(578,690369, 509,507843)
(630,557617, 509,507813)
(645,969360, 509,507843)
(156,938141, 507,107391)
(269,124573, 507,107422)
(269,054352, 507,107422)
(339,511322, 507,107422)
(374,328430, 507,107391)
(16,612827, 506,562775)
(23,525238, 506,562775)
(45,370461, 506,562744)
(89,218262, 506,562744)
(156,938141, 506,562775)
(269,124573, 505,043274)
(269,054352, 505,043243)
(339,511322, 505,043243)
(715,302795, 500,038788)
(724,130981, 500,038788)
(156,938141, 499,127869)
(185,933289, 499,127869)
(197,891586, 499,127869)
(202,240524, 499,127808)
(269,124573, 499,127838)
(269,054352, 499,127899)
(374,328430, 499,127838)
(385,861694, 499,127869)
(269,054352, 498,415741)
(522,172241, 498,285645)
(528,281677, 498,285675)
(541,057739, 498,285706)
(633,279419, 498,285645)
(715,302795, 498,285706)
(374,328430, 496,713745)
(385,861694, 496,713715)
(522,172241, 496,713684)
(528,281677, 496,713715)
(541,057739, 496,713745)
(633,279419, 496,713745)
(715,302795, 496,713715)
(374,328430, 495,361633)
(528,281677, 495,361664)
(269,054352, 493,117065)
(321,956146, 493,117065)
(374,328430, 493,117065)
(156,938141, 492,019714)
(160,686371, 492,019745)
(182,009705, 492,019745)
(269,054352, 492,019714)
(528,281677, 490,064850)
(633,279419, 490,064850)
(690,344360, 490,064819)
(528,281677, 488,693634)
(690,344360, 488,693665)
(866,054321, 488,693665)
(528,281677, 487,712219)
(45,370461, 487,441284)
(79,295937, 487,441284)
(89,218262, 487,441284)
(156,938141, 487,441284)
(160,686371, 487,441254)
(182,009705, 487,441284)
(269,054352, 487,441284)
(528,281677, 486,842010)
(690,344360, 486,841980)
(89,218262, 484,812378)
(160,686371, 484,812408)
(182,009705, 484,812408)
(243,795090, 484,812408)
(528,281677, 483,704468)
(125,815094, 481,255859)
(160,686371, 481,255890)
(225,723145, 481,255920)
(243,795090, 481,255859)
(262,176270, 481,255920)
(528,281677, 481,255920)
(534,532349, 481,255920)
(728,586182, 480,295471)
(867,511108, 480,295471)
(958,515259, 480,295471)
(160,686371, 479,456299)
(243,795090, 479,456268)
(262,176270, 479,456299)
(528,281677, 479,456299)
(534,532349, 479,456299)
(160,686371, 476,130493)
(230,442993, 476,130493)
(262,176270, 476,130524)
(641,468506, 476,130524)
(728,586182, 476,130524)
(867,511108, 476,130493)
(958,515259, 476,130524)
(641,468506, 473,876251)
(728,586182, 473,876251)
(641,468506, 473,865906)
(641,468506, 473,582947)
(728,586182, 473,582916)
(641,468506, 472,408081)
(728,586182, 472,408081)
(641,468506, 472,357666)
(574,415833, 465,636017)
(574,650879, 465,636017)
(641,468506, 465,636017)
(10,344863, 465,116028)
(16,612827, 465,116028)
(23,525238, 465,116028)
(45,370461, 465,116028)
(641,468506, 464,743958)
(728,586182, 464,743927)
(803,315491, 464,743896)
(860,355225, 464,743958)
(867,511108, 464,743958)
(280,473297, 464,280182)
(467,354767, 463,611115)
(574,415833, 463,611115)
(574,415833, 461,291534)
(641,468506, 461,291504)
(728,586182, 461,291504)
(745,569214, 461,291473)
(803,315491, 461,291504)
(728,586182, 461,139374)
(728,586182, 457,819824)
(867,511108, 457,819855)
(889,487305, 457,819855)
(968,547363, 457,819855)
(981,908508, 457,819794)
(574,415833, 457,541595)
(718,374634, 457,525177)
(728,586182, 457,525177)
(574,415833, 457,094727)
(631,051514, 457,094727)
(641,468506, 457,094727)
(728,586182, 457,094727)
(351,912079, 456,878540)
(641,468506, 456,878571)
(867,511108, 456,878540)
(889,487305, 456,878571)
(672,861572, 454,798187)
(672,861572, 454,423767)
(867,511108, 454,195801)
(889,487305, 454,195801)
(946,082642, 454,195801)
(968,547363, 454,195801)
(351,912079, 453,434326)
(89,218262, 453,083832)
(91,670273, 453,083801)
(113,896545, 453,083862)
(672,861572, 451,498535)
(627,605469, 449,718658)
(852,592102, 448,928131)
(889,487305, 448,928162)
(968,547363, 448,928162)
(65,113243, 447,292877)
(89,218262, 447,292908)
(91,670273, 447,292877)
(125,815094, 447,292877)
(137,488907, 447,292908)
(143,456879, 447,292847)
(155,775009, 447,292877)
(160,686371, 447,292877)
(169,468399, 447,292908)
(167,415619, 447,292908)
(182,598892, 447,292877)
(193,394775, 447,292908)
(218,917786, 447,292908)
(313,168457, 447,292877)
(351,912079, 447,292877)
(627,605469, 447,292908)
(313,168457, 446,739532)
(351,912079, 446,739563)
(627,605469, 445,940338)
(625,318542, 445,940338)
(160,686371, 445,208252)
(169,468399, 445,208252)
(193,394775, 445,208221)
(218,917786, 445,208282)
(351,912079, 445,208221)
(407,585022, 445,208252)
(627,605469, 445,208252)
(732,461731, 445,208191)
(756,622620, 445,208221)
(852,592102, 445,208221)
(10,344863, 444,950256)
(16,612827, 444,950256)
(23,525238, 444,950256)
(45,370461, 444,950256)
(65,113243, 444,950287)
(91,670273, 444,950256)
(137,488907, 444,950256)
(143,456879, 444,950256)
(160,686371, 444,950287)
(169,468399, 444,950256)
(407,585022, 444,950256)
(627,605469, 444,950287)
(732,461731, 444,950256)
(756,622620, 444,950256)
(45,370461, 444,415283)
(137,488907, 444,415253)
(143,456879, 444,415222)
(160,686371, 444,415283)
(756,622620, 444,415253)
(137,488907, 443,827240)
(143,456879, 443,827271)
(160,686371, 443,827271)
(160,686371, 433,167114)
(205,212540, 433,167114)
(415,476257, 433,167114)
(563,414978, 430,907074)
(563,414978, 429,600800)
(578,679077, 429,600800)
(113,256874, 428,629700)
(535,694153, 428,067902)
(563,414978, 428,067902)
(770,186523, 428,067902)
(535,694153, 428,026794)
(563,414978, 428,026825)
(770,186523, 426,342102)
(45,370461, 425,808502)
(55,043041, 425,808502)
(62,397839, 425,808472)
(205,212540, 425,155548)
(231,554276, 425,155579)
(540,642029, 425,155548)
(556,637756, 425,155579)
(205,212540, 424,157074)
(231,554276, 424,157043)
(540,642029, 422,930023)
(554,546448, 422,930023)
(23,525238, 422,720825)
(55,043041, 422,720825)
(137,488907, 422,720825)
(138,154800, 422,720825)
(143,456879, 422,720825)
(160,686371, 422,720825)
(205,212540, 422,720795)
(243,690613, 422,720825)
(770,186523, 422,560791)
(840,796814, 422,560791)
(540,642029, 422,432739)
(770,186523, 422,432739)
(160,686371, 419,882538)
(180,052704, 419,882568)
(243,690613, 419,882538)
(282,904266, 419,882538)
(376,298676, 419,882538)
(243,690613, 418,665894)
(282,904266, 418,665924)
(431,567444, 418,665924)
(474,495941, 418,665894)
(540,642029, 418,665894)
(821,416260, 417,640686)
(840,796814, 417,640686)
(882,347595, 417,640686)
(10,344863, 416,274536)
(16,612827, 416,274567)
(55,043041, 416,274536)
(71,543396, 416,274506)
(101,489899, 416,274536)
(137,488907, 416,274536)
(138,154800, 416,274536)
(143,456879, 416,274536)
(160,686371, 416,274536)
(180,052704, 416,274536)
(243,690613, 416,274506)
(282,904266, 416,274536)
(622,633362, 415,873016)
(666,836121, 415,872986)
(728,554443, 415,872986)
(821,416260, 415,872986)
(101,489899, 415,101379)
(137,488907, 415,101379)
(138,154800, 415,101379)
(143,456879, 415,101379)
(160,686371, 415,101410)
(180,052704, 415,101410)
(282,904266, 415,101379)
(296,599792, 415,101379)
(622,633362, 415,101410)
(840,796814, 413,303101)
(882,347595, 413,303101)
(55,043041, 413,089142)
(71,543396, 413,089142)
(137,488907, 413,089111)
(143,456879, 413,089111)
(160,686371, 413,089111)
(282,904266, 413,089111)
(296,599792, 413,089111)
(160,686371, 412,891510)
(282,904266, 412,891510)
(296,599792, 412,891479)
(622,633362, 412,412689)
(666,836121, 412,412659)
(840,796814, 409,556549)
(882,347595, 409,556549)
(42,249443, 406,513733)
(71,543396, 406,513702)
(82,880737, 406,513702)
(160,686371, 406,513702)
(282,904266, 406,513733)
(296,599792, 406,513733)
(296,599792, 403,521759)
(447,717194, 403,521729)
(467,641479, 403,521759)
(463,058411, 403,521790)
(550,680420, 403,521759)
(755,145447, 403,521790)
(777,097656, 403,521759)
(447,717194, 401,673492)
(480,816650, 401,673492)
(447,717194, 401,033203)
(480,816650, 401,033234)
(550,680420, 401,033203)
(480,816650, 400,574799)
(168,122116, 400,517822)
(550,680420, 400,517822)
(755,145447, 400,517853)
(753,887573, 400,517853)
(550,680420, 399,291931)
(753,887573, 399,291962)
(920,207947, 399,291992)
(550,680420, 396,881592)
(71,543396, 396,308929)
(82,880737, 396,308929)
(152,392395, 396,308929)
(168,122116, 396,308899)
(550,680420, 395,558777)
(753,887573, 395,558777)
(550,680420, 395,488800)
(753,887573, 395,289917)
(920,207947, 395,289917)
(550,680420, 394,845703)
(152,392395, 393,826050)
(168,122116, 393,826080)
(550,680420, 393,826080)
(550,680420, 393,141663)
(287,185608, 390,965698)
(385,455658, 390,965698)
(756,453186, 386,733917)
(820,881409, 386,733887)
(920,207947, 386,733917)
(550,680420, 386,659210)
(730,610352, 386,659180)
(756,453186, 386,659210)
(920,207947, 386,659180)
(952,134644, 386,659180)
(968,547363, 386,659210)
(973,360291, 386,659210)
(550,680420, 386,622620)
(730,610352, 386,622589)
(756,453186, 385,881409)
(920,207947, 385,881409)
(152,392395, 385,338409)
(287,185608, 385,338409)
(669,706055, 382,936829)
(710,610840, 382,936859)
(811,117004, 382,838287)
(920,207947, 382,427032)
(114,866493, 381,090485)
(152,392395, 381,090454)
(287,185608, 381,090454)
(669,706055, 381,013306)
(674,688049, 381,013336)
(395,208191, 379,909668)
(532,483459, 377,279968)
(669,706055, 376,932220)
(674,688049, 376,932220)
(299,669739, 375,639557)
(532,483459, 375,292786)
(669,706055, 375,292786)
(674,688049, 375,292786)
(176,884048, 374,233246)
(532,483459, 374,233215)
(674,688049, 374,233246)
(674,688049, 373,802704)
(42,249443, 372,077942)
(46,569942, 372,077942)
(43,450653, 372,077942)
(55,170952, 372,077942)
(71,543396, 372,077942)
(82,880737, 372,077942)
(136,033051, 372,077942)
(152,392395, 372,077972)
(176,884048, 372,077942)
(590,086243, 371,946899)
(71,543396, 371,086884)
(82,880737, 371,086884)
(136,033051, 371,086914)
(176,884048, 371,086914)
(590,086243, 371,086884)
(899,635620, 371,086884)
(949,459412, 371,086914)
(984,851379, 371,086884)
(985,954590, 371,086914)
(71,543396, 370,864624)
(136,033051, 370,864624)
(176,884048, 370,864624)
(590,086243, 370,864655)
(561,346680, 369,371979)
(42,249443, 368,849762)
(46,569942, 368,849762)
(43,450653, 368,849792)
(136,033051, 368,849762)
(176,884048, 368,849792)
(561,346680, 368,849792)
(136,033051, 368,067230)
(176,884048, 368,067261)
(561,346680, 368,067261)
(136,033051, 363,716949)
(176,884048, 362,858246)
(520,199585, 362,858215)
(625,934814, 362,858215)
(786,079041, 362,858215)
(899,635620, 362,858215)
(949,459412, 362,858246)
(520,199585, 362,654083)
(786,079041, 362,472961)
(625,934814, 360,535400)
(625,934814, 359,487335)
(625,934814, 358,315857)
(786,079041, 358,315887)
(847,302917, 358,315887)
(899,635620, 358,315887)
(949,459412, 358,315887)
(955,957520, 358,315857)
(10,344863, 356,364868)
(16,612827, 356,364899)
(42,249443, 356,364868)
(43,450653, 356,364868)
(85,114777, 356,364868)
(136,033051, 356,364868)
(287,961121, 356,364899)
(299,397339, 356,364868)
(464,876404, 356,364868)
(42,249443, 356,351349)
(43,450653, 356,351318)
(85,114777, 356,351318)
(625,934814, 353,690613)
(748,404724, 353,690643)
(136,033051, 353,134186)
(287,961121, 353,134216)
(299,397339, 353,134155)
(356,923767, 353,134155)
(436,493164, 352,903198)
(464,876404, 352,903198)
(625,934814, 352,903229)
(748,404724, 352,903229)
(840,683960, 352,903229)
(847,302917, 352,903229)
(625,934814, 352,093140)
(740,007507, 352,093109)
(748,404724, 352,093109)
(287,961121, 351,280182)
(299,397339, 351,280151)
(356,923767, 351,280151)
(464,876404, 351,280151)
(625,934814, 351,280151)
(938,523254, 351,280182)
(955,957520, 351,280151)
(984,851379, 351,280151)
(985,954590, 351,280151)
(136,033051, 349,898560)
(464,876404, 348,522278)
(625,934814, 347,364349)
(659,878174, 347,364380)
(356,923767, 347,342010)
(464,876404, 347,342010)
(43,450653, 346,108795)
(60,747147, 346,108795)
(68,089966, 346,108795)
(149,464600, 346,108765)
(158,727951, 346,108795)
(242,618622, 346,108795)
(464,876404, 346,108795)
(659,878174, 346,108795)
(43,450653, 345,184143)
(60,747147, 345,184143)
(68,089966, 345,184174)
(158,727951, 345,184143)
(299,490570, 345,184143)
(464,876404, 345,184143)
(158,727951, 345,109802)
(158,727951, 344,316406)
(464,876404, 344,316406)
(524,535034, 344,316406)
(659,878174, 344,316406)
(795,478149, 344,316406)
(158,727951, 344,255859)
(659,878174, 342,343018)
(908,897949, 341,031128)
(984,851379, 341,031128)
(985,954590, 341,031158)
(158,727951, 340,514648)
(183,984879, 340,514648)
(158,727951, 340,279755)
(60,747147, 338,434174)
(89,326263, 338,434143)
(158,727951, 338,434174)
(874,462952, 337,307373)
(43,450653, 336,134857)
(60,747147, 336,134857)
(89,326263, 336,134857)
(158,727951, 336,134857)
(221,136505, 336,134888)
(158,727951, 333,125763)
(161,840973, 333,125763)
(874,462952, 332,042816)
(695,020691, 326,528412)
(765,772461, 326,528442)
(775,396240, 326,528442)
(282,064026, 326,425934)
(449,291168, 326,425934)
(505,459198, 326,425964)
(546,731201, 326,425964)
(695,020691, 326,425934)
(449,291168, 325,517273)
(505,459198, 325,517303)
(449,291168, 324,536011)
(505,459198, 324,536011)
(531,466125, 324,535980)
(695,020691, 324,536011)
(765,772461, 324,536011)
(158,727951, 324,171844)
(196,189468, 324,171844)
(270,577789, 324,171844)
(282,064026, 324,171814)
(449,155273, 323,814331)
(505,459198, 323,814362)
(531,466125, 323,814331)
(695,020691, 322,195648)
(840,089355, 322,195618)
(140,403992, 320,971191)
(158,727951, 320,971161)
(196,189468, 320,971161)
(270,577789, 320,971161)
(531,466125, 320,937866)
(158,727951, 320,807495)
(531,466125, 320,487640)
(705,197021, 317,101196)
(840,089355, 317,101166)
(890,689453, 317,101166)
(203,424271, 314,780029)
(270,577789, 314,780060)
(365,141632, 314,780060)
(493,129181, 314,780060)
(531,466125, 314,780060)
(705,197021, 314,780060)
(365,141632, 313,108429)
(466,865295, 313,108398)
(493,129181, 313,108429)
(531,466125, 313,108429)
(270,577789, 311,077118)
(493,129181, 311,077118)
(531,466125, 311,077087)
(493,129181, 309,763489)
(531,466125, 309,763519)
(531,466125, 308,832520)
(203,424271, 307,828949)
(219,527252, 307,828949)
(519,940918, 307,828949)
(411,481323, 307,099152)
(843,250366, 306,408936)
(60,747147, 304,103851)
(140,403992, 304,103882)
(158,727951, 304,103882)
(203,424271, 304,103851)
(219,527252, 304,103882)
(252,349670, 304,103851)
(411,481323, 304,103851)
(673,673950, 304,103882)
(140,403992, 299,698425)
(158,727951, 299,698425)
(203,424271, 299,698425)
(252,349670, 299,698395)
(203,424271, 297,717987)
(212,298691, 297,717957)
(252,349670, 297,717987)
(308,704315, 297,717957)
(131,877594, 297,094482)
(140,403992, 297,094513)
(203,424271, 297,094513)
(212,298691, 297,094482)
(308,704315, 297,094513)
(619,076477, 297,094513)
(43,450653, 295,387878)
(131,877594, 295,387878)
(140,403992, 295,387909)
(203,424271, 295,387909)
(212,298691, 295,387909)
(308,704315, 295,387909)
(545,362366, 295,387909)
(203,424271, 295,136017)
(308,704315, 295,136017)
(43,450653, 293,482422)
(104,733589, 293,482422)
(131,877594, 293,482422)
(140,403992, 293,482422)
(308,704315, 293,482422)
(545,362366, 293,482391)
(619,076477, 293,482422)
(684,617126, 292,537567)
(835,445435, 292,537598)
(517,089539, 292,280487)
(619,076477, 292,280457)
(655,526733, 290,976654)
(892,796021, 290,976624)
(863,820557, 289,408264)
(228,809601, 287,609924)
(267,815338, 287,609955)
(308,704315, 287,609955)
(363,602386, 287,609924)
(377,918793, 287,609924)
(405,358612, 287,609924)
(831,256226, 283,678009)
(863,820557, 283,678009)
(363,602386, 278,055145)
(405,358612, 278,055145)
(463,735168, 278,055115)
(613,071838, 277,219635)
(104,733589, 276,503754)
(131,877594, 276,503754)
(131,948654, 276,503754)
(140,403992, 276,503723)
(205,171341, 276,503723)
(256,392822, 276,503754)
(267,815338, 276,503754)
(308,704315, 276,503723)
(363,602386, 276,503754)
(463,735168, 276,503723)
(553,256226, 276,503723)
(613,071838, 276,503754)
(131,877594, 275,908417)
(256,392822, 275,908417)
(267,815338, 275,908417)
(308,704315, 275,908386)
(363,602386, 275,908417)
(553,256226, 275,908417)
(613,071838, 275,908417)
(256,392822, 273,477051)
(267,815338, 273,477051)
(308,704315, 273,477051)
(256,392822, 272,847778)
(267,815338, 272,847778)
(368,739777, 272,847778)
(553,256226, 272,847778)
(613,071838, 272,847778)
(205,282028, 271,352325)
(256,392822, 271,352295)
(267,815338, 271,352325)
(368,739777, 271,352295)
(553,256226, 271,352325)
(613,071838, 271,352325)
(892,796021, 271,352295)
(933,451050, 271,352295)
(933,186340, 271,352295)
(613,071838, 270,079834)
(553,256226, 269,081024)
(256,392822, 266,359100)
(267,815338, 266,359100)
(332,573547, 266,359100)
(368,739777, 266,359100)
(216,762848, 266,266296)
(256,392822, 266,266296)
(267,815338, 266,266266)
(368,739777, 266,266266)
(553,256226, 266,266296)
(368,739777, 266,127930)
(553,256226, 266,127960)
(104,733589, 264,401215)
(43,450653, 264,363770)
(131,877594, 264,363770)
(162,184952, 264,363770)
(267,815338, 264,363770)
(368,739777, 264,363739)
(553,256226, 264,363770)
(131,877594, 262,407715)
(162,184952, 262,407715)
(267,815338, 262,407715)
(368,739777, 262,407745)
(368,739777, 262,341431)
(131,877594, 260,510742)
(162,184952, 260,510742)
(933,451050, 257,699493)
(131,877594, 256,523346)
(162,184952, 256,523376)
(462,563873, 256,265076)
(553,256226, 256,265045)
(368,739777, 255,090378)
(438,611450, 255,090393)
(462,563873, 255,090408)
(131,877594, 252,872467)
(162,184952, 252,872467)
(368,739777, 252,872482)
(438,611450, 252,872467)
(462,563873, 252,872452)
(553,256226, 252,872467)
(638,518188, 252,872467)
(438,611450, 252,624786)
(462,563873, 252,624802)
(638,518188, 252,624817)
(933,451050, 251,303024)
(131,877594, 250,966278)
(131,877594, 249,791458)
(638,518188, 248,537079)
(727,284729, 248,537048)
(727,284729, 247,529343)
(131,877594, 246,338287)
(129,359894, 246,338303)
(244,256500, 246,338303)
(275,297180, 246,338287)
(321,259613, 246,338287)
(355,376312, 246,338303)
(368,739777, 246,338303)
(590,258911, 246,338303)
(638,518188, 246,338303)
(727,284729, 246,338287)
(590,258911, 245,697952)
(727,284729, 245,697952)
(244,256500, 244,696976)
(275,297180, 244,696991)
(321,259613, 244,676804)
(355,376312, 244,676819)
(368,739777, 244,676819)
(590,258911, 244,676804)
(590,258911, 243,934479)
(923,854309, 243,934464)
(976,180237, 243,934464)
(355,376312, 242,116379)
(368,739777, 242,116394)
(590,258911, 242,116394)
(981,291870, 242,116394)
(985,954590, 242,116394)
(987,272217, 242,116394)
(131,877594, 241,495605)
(172,585480, 241,495621)
(355,376312, 241,495605)
(590,258911, 241,495605)
(260,493744, 238,202072)
(320,757019, 238,202087)
(355,376312, 238,202072)
(555,162231, 238,202103)
(172,585480, 233,728409)
(214,246994, 233,728409)
(291,613220, 233,728409)
(355,376312, 233,728409)
(981,291870, 232,148499)
(448,659943, 229,557907)
(911,608765, 229,390457)
(448,659943, 228,821671)
(291,613220, 226,150635)
(355,376312, 226,150650)
(911,608765, 226,150635)
(10,344863, 224,870377)
(16,612827, 224,870377)
(20,294369, 224,870361)
(131,877594, 224,870377)
(146,620514, 224,870377)
(911,608765, 221,130814)
(291,613220, 221,079575)
(291,613220, 219,020660)
(146,620514, 216,659119)
(291,613220, 216,659119)
(131,877594, 214,982559)
(265,183258, 212,350967)
(291,613220, 212,350952)
(529,153198, 212,350937)
(542,920776, 212,350952)
(615,316162, 212,350952)
(529,153198, 211,729141)
(529,153198, 210,147125)
(587,526794, 210,147125)
(615,316162, 210,147110)
(728,228271, 210,147141)
(265,183258, 209,696655)
(615,316162, 206,624557)
(728,228271, 206,624573)
(615,316162, 206,206207)
(600,731262, 205,616470)
(615,316162, 205,616455)
(728,228271, 205,616455)
(784,793274, 205,616470)
(853,127563, 205,616470)
(600,731262, 205,187103)
(615,316162, 205,187119)
(131,877594, 204,329788)
(146,620514, 204,329773)
(265,183258, 204,329773)
(600,731262, 204,329773)
(615,316162, 204,329788)
(615,316162, 203,728195)
(853,127563, 203,728195)
(615,316162, 203,578217)
(649,775879, 201,809845)
(366,398041, 201,804291)
(649,775879, 201,804291)
(366,398041, 201,328888)
(649,775879, 200,558884)
(649,775879, 199,567551)
(265,183258, 199,112854)
(649,775879, 199,112839)
(206,273376, 198,863327)
(265,183258, 198,863312)
(146,620514, 197,679855)
(146,620514, 196,462448)
(206,273376, 196,462463)
(265,183258, 196,462448)
(649,775879, 196,160004)
(146,620514, 195,830032)
(206,273376, 195,830048)
(265,183258, 195,830048)
(818,869019, 195,692673)
(251,924210, 193,543488)
(265,183258, 193,543503)
(307,819183, 193,543488)
(982,002258, 192,857574)
(985,954590, 192,857574)
(251,924210, 192,127762)
(265,183258, 192,127762)
(307,819183, 192,127777)
(115,853790, 186,468140)
(206,273376, 186,468140)
(223,659515, 186,468140)
(265,183258, 186,468140)
(307,819183, 186,468140)
(206,273376, 186,164673)
(223,659515, 186,164673)
(265,183258, 186,164673)
(982,002258, 185,175995)
(206,273376, 184,140366)
(265,183258, 184,140381)
(265,183258, 184,129379)
(265,183258, 180,300308)
(295,895569, 180,300308)
(429,002228, 180,300293)
(633,395569, 180,300293)
(843,164612, 180,300293)
(154,677277, 179,554764)
(265,183258, 179,554749)
(265,183258, 178,589539)
(290,388000, 178,589523)
(265,183258, 175,449234)
(290,388000, 175,449234)
(539,528198, 175,449249)
(539,528198, 173,897797)
(265,183258, 173,054642)
(539,528198, 172,859772)
(678,652771, 172,859772)
(823,917480, 172,859756)
(843,164612, 172,859772)
(870,389893, 172,859772)
(290,388000, 172,708221)
(539,528198, 171,908234)
(823,917480, 171,908249)
(843,164612, 171,908249)
(870,389893, 171,908249)
(16,612827, 171,395264)
(265,183258, 171,395264)
(290,388000, 171,395264)
(539,528198, 171,395248)
(290,388000, 170,941544)
(823,917480, 166,665497)
(277,341309, 165,117905)
(290,388000, 165,117905)
(843,164612, 164,766449)
(870,389893, 164,766434)
(843,164612, 164,715347)
(870,389893, 164,715347)
(105,591774, 160,787582)
(283,995636, 160,787552)
(105,591774, 158,868668)
(283,995636, 158,868668)
(870,389893, 157,762543)
(982,002258, 157,762543)
(982,564331, 157,762527)
(530,022217, 155,650726)
(530,022217, 155,465073)
(870,389893, 155,465073)
(530,022217, 153,261185)
(758,939514, 153,261185)
(281,088226, 151,192062)
(283,995636, 151,192047)
(427,538879, 151,192062)
(530,022217, 151,192062)
(281,088226, 151,104279)
(283,995636, 151,104279)
(530,022217, 151,104294)
(758,939514, 151,104279)
(283,995636, 148,303650)
(283,995636, 147,831741)
(283,995636, 145,844803)
(534,507385, 142,781891)
(283,995636, 141,745514)
(534,507385, 141,431412)
(583,514282, 141,431396)
(534,507385, 141,338043)
(583,514282, 141,338043)
(758,939514, 141,338043)
(870,389893, 141,338043)
(534,507385, 138,356964)
(583,514282, 138,356949)
(770,913208, 136,652405)
(792,197693, 136,652405)
(770,913208, 133,419357)
(792,197693, 133,419342)
(770,913208, 127,393181)
(870,389893, 127,393173)
(133,303101, 113,935829)
(233,710052, 113,935829)
(612,395691, 113,935837)
(445,497467, 113,280937)
(445,497467, 113,246140)
(445,497467, 112,256279)
(233,710052, 111,742149)
(445,497467, 111,742134)
(133,303101, 102,328545)
(651,203674, 102,288307)
(651,203674, 101,042336)
(714,120544, 101,042336)
(651,203674, 100,565010)
(714,120544, 100,565010)
(133,303101, 99,625359)
(133,303101, 98,118950)
(276,849274, 98,118958)
(651,203674, 97,268105)
(953,171570, 96,065529)
(593,381531, 92,548012)
(593,381531, 91,571335)
(714,120544, 91,571335)
(593,381531, 91,415817)
(714,120544, 91,415825)
(593,381531, 88,673103)
(714,120544, 88,673103)
(46,737076, 87,140511)
(299,743011, 86,593094)
(299,743011, 81,763985)
(427,966187, 81,763985)
(299,743011, 79,928047)
(615,338684, 79,928040)
(656,743469, 79,928047)
(656,743469, 79,715126)
(656,743469, 74,097694)
(7,992625, 72,608719)
(8,529305, 72,608719)
(299,743011, 72,608711)
(299,743011, 70,692963)
(425,259888, 70,503952)
(656,743469, 70,503952)
(656,743469, 69,901520)
(656,743469, 67,451782)
(656,743469, 67,018341)
(299,743011, 66,775261)
(425,259888, 66,775253)
(299,743011, 66,090164)
(854,918091, 65,529404)
(661,114197, 56,256351)
(661,114197, 56,254692)
(985,954590, 46,645592)
(989,056396, 46,645592)
(8,529305, 31,174896)
(623,381531, 30,660807)
(623,381531, 24,493876)
(623,381531, 23,122433)
(623,381531, 22,872986)
(8,529305, 20,393850)
(623,381531, 20,393850)
(8,529305, 15,685797)
(623,381531, 12,751996)
(623,381531, 11,167288)
(623,381531, 8,156597)
(623,381531, 7,148862)
(623,381531, 6,107389)
(979,077576, 5,880295)
(989,056396, 5,880294)
(623,381531, 4,177392)
(623,381531, 2,565205)
(623,381531, 1,010418)


Statistics:
Time = 2464 ms
Sort Operations = 117
No Sort Operations = 30
Number of Intersections = 3253