N = 4096

Intersection points:
(350,324524, 996,933716)
(578,724731, 996,933655)
(623,387939, 996,933655)
(350,324524, 995,666626)
(595,393677, 995,666626)
(623,387939, 995,666626)
(595,393677, 994,285889)
(623,387939, 994,285950)
(686,423767, 994,285889)
(350,324524, 994,220581)
(206,633148, 994,087219)
(595,393677, 994,087219)
(686,423767, 994,087219)
(595,393677, 994,057068)
(686,423767, 994,056946)
(206,633148, 993,690308)
(206,633148, 993,161560)
(459,680511, 993,161560)
(686,423767, 993,161560)
(209,028122, 990,899597)
(401,752960, 990,810669)
(432,216827, 990,810608)
(686,423767, 990,810608)
(869,238159, 990,810608)
(901,164978, 990,810547)
(401,752960, 990,503784)
(432,216827, 990,503784)
(869,238159, 989,438110)
(901,164978, 989,438110)
(931,273132, 989,438110)
(432,216827, 988,728638)
(584,597412, 988,592957)
(209,028122, 987,496582)
(259,801636, 987,496582)
(209,028122, 987,477356)
(259,801636, 987,477356)
(584,597412, 987,477295)
(621,785583, 987,477356)
(794,608215, 987,477356)
(209,028122, 987,201538)
(584,597412, 987,201477)
(621,785583, 987,201538)
(621,785583, 986,541077)
(905,407288, 986,126526)
(920,492737, 986,126587)
(905,407288, 985,632935)
(922,073486, 985,633057)
(931,273132, 985,632996)
(955,588928, 985,632996)
(956,223267, 985,632996)
(922,073486, 984,982605)
(931,273132, 984,982666)
(955,588928, 984,982605)
(956,223267, 984,982727)
(468,893066, 983,906860)
(571,087219, 983,906860)
(922,073486, 983,798096)
(931,273132, 983,798096)
(571,087219, 983,301880)
(40,266155, 982,934082)
(42,380451, 982,934082)
(45,762478, 982,934021)
(149,734024, 982,933960)
(229,406113, 982,934021)
(571,087219, 982,729187)
(571,087219, 982,650269)
(40,266155, 981,417175)
(160,714859, 981,417175)
(571,087219, 981,417114)
(571,087219, 980,851379)
(759,948669, 980,851379)
(160,714859, 980,621582)
(571,087219, 980,621582)
(931,273132, 980,621582)
(571,087219, 980,319336)
(268,307617, 978,670410)
(160,714859, 977,601013)
(268,307617, 977,600952)
(571,087219, 977,600952)
(630,634277, 977,600952)
(160,714859, 977,163879)
(571,087219, 977,163879)
(630,634277, 977,163879)
(571,087219, 976,117554)
(630,634277, 976,117615)
(670,716187, 976,117554)
(160,714859, 975,965454)
(670,716187, 975,500732)
(383,193665, 974,955933)
(383,193665, 973,989258)
(533,969238, 973,989197)
(383,193665, 973,859375)
(160,714859, 972,939697)
(533,969238, 972,939758)
(571,087219, 972,939758)
(630,634277, 972,939819)
(670,716187, 972,939819)
(160,714859, 972,444885)
(533,969238, 972,444885)
(630,634277, 972,444946)
(670,716187, 972,444885)
(777,257507, 972,444885)
(533,969238, 972,248169)
(670,716187, 972,248230)
(533,969238, 971,068176)
(670,716187, 971,068115)
(693,898376, 971,068176)
(693,898376, 970,826172)
(777,257507, 970,826172)
(83,935860, 969,945496)
(83,935860, 969,301331)
(492,164978, 968,674072)
(533,969238, 968,674133)
(540,075562, 968,674072)
(693,898376, 968,674072)
(748,747009, 968,674133)
(777,257507, 968,674072)
(693,898376, 968,363586)
(533,969238, 968,057129)
(540,075562, 968,057190)
(693,898376, 968,057190)
(492,164978, 967,929504)
(533,969238, 967,929565)
(540,075562, 967,929626)
(693,898376, 967,929565)
(931,273132, 967,929565)
(956,223267, 967,929565)
(977,209778, 967,929504)
(533,969238, 967,202454)
(540,075562, 967,202454)
(693,898376, 967,164429)
(533,969238, 966,811035)
(540,075562, 966,811035)
(693,898376, 966,811096)
(533,969238, 965,629517)
(540,075562, 965,629578)
(693,898376, 965,629578)
(708,571106, 965,629517)
(283,469513, 963,134094)
(333,267212, 963,134033)
(350,539154, 963,134094)
(460,824860, 963,134155)
(518,540771, 963,134033)
(533,969238, 963,134094)
(540,075562, 963,134094)
(693,898376, 963,134094)
(696,072754, 963,134094)
(708,571106, 963,134033)
(754,112549, 963,134033)
(693,898376, 962,980408)
(708,571106, 962,980347)
(931,273132, 961,565002)
(956,223267, 961,565002)
(956,187195, 961,565002)
(283,469513, 961,429810)
(350,539154, 961,429810)
(518,540771, 961,429749)
(283,469513, 960,927307)
(350,539154, 960,927429)
(515,240417, 960,927368)
(283,469513, 960,778015)
(350,539154, 960,778015)
(518,540771, 960,778137)
(540,075562, 960,778076)
(693,898376, 960,778076)
(708,571106, 960,778076)
(283,469513, 960,672302)
(350,539154, 960,672363)
(518,540771, 960,672302)
(540,075562, 960,672241)
(693,898376, 960,672363)
(931,273132, 960,672302)
(947,643433, 960,672363)
(956,187195, 960,672424)
(518,540771, 959,983704)
(540,075562, 959,983643)
(693,898376, 959,102295)
(848,505920, 959,102295)
(931,273132, 959,102295)
(168,026154, 957,912231)
(283,469513, 957,912170)
(283,469513, 957,301331)
(518,540771, 957,301270)
(540,075562, 957,301270)
(651,824524, 957,301331)
(693,898376, 957,301331)
(698,256714, 957,301331)
(518,540771, 957,251465)
(651,824524, 957,251404)
(698,256714, 957,251404)
(853,011963, 957,251404)
(168,026154, 956,835266)
(283,469513, 956,835327)
(518,540771, 956,835327)
(651,824524, 956,835327)
(698,256714, 956,835266)
(853,011963, 956,835266)
(168,026154, 956,833008)
(283,469513, 956,833008)
(698,256714, 956,832947)
(698,256714, 956,435547)
(83,935860, 955,940552)
(90,967651, 955,940552)
(168,026154, 955,940552)
(698,256714, 954,789551)
(83,935860, 952,341980)
(168,026154, 952,341980)
(168,026154, 951,374451)
(552,901855, 951,374390)
(493,328735, 949,147644)
(536,368835, 949,147644)
(552,901855, 949,147644)
(83,935860, 948,970337)
(536,368835, 948,592041)
(552,901855, 948,592041)
(536,368835, 948,574890)
(552,901855, 948,574768)
(939,150452, 947,846985)
(176,918625, 946,068420)
(284,169739, 946,068420)
(493,328735, 945,282471)
(536,368835, 945,282532)
(552,901855, 945,282532)
(590,018127, 945,282471)
(661,859985, 945,282471)
(692,648621, 945,282471)
(768,605591, 945,282532)
(242,313629, 943,885986)
(536,368835, 943,489014)
(552,901855, 943,489014)
(536,368835, 943,452393)
(552,901855, 943,452332)
(536,368835, 942,592590)
(552,901855, 942,592590)
(661,859985, 942,592590)
(131,055649, 942,467957)
(176,918625, 942,467957)
(242,313629, 942,467957)
(257,239166, 942,467896)
(511,883026, 942,467957)
(18,143892, 942,171631)
(21,679520, 942,171692)
(21,686316, 942,171753)
(33,371807, 942,171753)
(71,806908, 942,171753)
(93,161049, 942,171692)
(131,055649, 942,171692)
(176,918625, 942,171753)
(511,883026, 942,171631)
(536,368835, 942,171631)
(226,417236, 940,875244)
(536,368835, 940,875244)
(84,155022, 939,899231)
(93,161049, 939,899292)
(131,055649, 939,899292)
(150,696869, 939,899292)
(335,599243, 939,089783)
(849,877014, 937,706055)
(868,661743, 937,706055)
(888,697266, 937,705994)
(355,099426, 937,498108)
(572,392883, 937,498108)
(808,040039, 937,498047)
(572,392883, 936,803345)
(461,078400, 936,216003)
(572,392883, 936,216125)
(178,143494, 936,075378)
(461,078400, 936,075439)
(808,040039, 936,075378)
(849,877014, 936,075317)
(71,806908, 935,983398)
(84,155022, 935,983521)
(93,161049, 935,983459)
(131,055649, 935,983459)
(150,696869, 935,983459)
(178,143494, 935,983459)
(178,143494, 935,807800)
(849,877014, 935,284851)
(868,661743, 935,284851)
(888,697266, 935,284790)
(461,078400, 934,512268)
(745,339172, 934,512268)
(18,143892, 934,106079)
(21,679520, 934,106018)
(21,686316, 934,106079)
(71,806908, 934,106079)
(93,161049, 934,106018)
(131,055649, 934,106018)
(150,696869, 934,106018)
(178,143494, 934,106079)
(461,078400, 934,106018)
(461,078400, 931,749268)
(849,877014, 931,749268)
(951,319824, 931,749207)
(245,078857, 931,241394)
(281,192780, 931,241394)
(245,078857, 930,466980)
(281,192780, 930,466980)
(71,806908, 930,064514)
(95,135689, 930,064453)
(131,055649, 930,064453)
(178,143494, 930,064514)
(190,590210, 930,064392)
(824,373047, 929,194153)
(71,806908, 928,552124)
(95,135689, 928,552063)
(131,055649, 928,552124)
(159,469666, 928,552124)
(178,143494, 928,552185)
(190,590210, 928,552063)
(221,442520, 928,552063)
(177,597519, 927,866577)
(190,590210, 927,866455)
(177,597519, 927,821045)
(190,590210, 927,820984)
(218,429031, 927,821106)
(579,221130, 927,821045)
(71,806908, 927,048035)
(95,135689, 927,048096)
(190,590210, 927,048035)
(218,429031, 927,048035)
(824,373047, 926,970642)
(951,319824, 926,970581)
(824,373047, 926,531494)
(924,535156, 926,531555)
(951,319824, 926,531494)
(71,806908, 925,949097)
(824,373047, 925,384094)
(924,535156, 925,384094)
(71,806908, 925,359924)
(419,590424, 925,184570)
(419,590424, 923,955261)
(419,590424, 923,269897)
(824,373047, 923,269958)
(809,691589, 923,105652)
(824,373047, 923,105713)
(924,535156, 922,752563)
(265,175812, 922,449463)
(282,509491, 922,449524)
(71,806908, 922,233215)
(197,525436, 922,233154)
(532,629700, 922,233215)
(532,629700, 917,660950)
(686,055237, 917,660950)
(773,012146, 917,660950)
(197,525436, 917,417908)
(223,204254, 917,417908)
(279,921997, 917,270752)
(428,793304, 917,270691)
(532,629700, 917,270752)
(686,055237, 917,270691)
(773,012146, 917,270691)
(817,654663, 917,270752)
(895,157654, 917,270752)
(279,921997, 916,711243)
(428,793304, 916,711243)
(532,629700, 916,711304)
(773,012146, 916,711304)
(817,654663, 916,711243)
(895,157654, 916,711304)
(924,535156, 916,711182)
(951,319824, 916,711182)
(279,921997, 915,659607)
(393,896637, 915,659546)
(532,629700, 915,659607)
(562,609375, 915,659546)
(576,039063, 915,659607)
(532,629700, 915,299866)
(562,609375, 915,299866)
(576,039063, 915,299866)
(817,654663, 915,299866)
(57,107330, 915,268066)
(71,806908, 915,268005)
(81,928490, 915,268005)
(279,921997, 915,268066)
(393,896637, 915,268066)
(396,963074, 915,268066)
(532,629700, 915,268127)
(576,039063, 915,268005)
(532,629700, 914,499084)
(817,654663, 914,499146)
(393,896637, 914,067749)
(532,629700, 914,067749)
(338,342438, 913,552673)
(393,896637, 913,552673)
(71,806908, 912,825378)
(338,342438, 912,825378)
(393,896637, 912,825378)
(817,654663, 912,623657)
(393,896637, 912,471680)
(566,590637, 912,471680)
(264,967133, 911,124695)
(521,987915, 910,274109)
(566,590637, 910,274170)
(264,967133, 910,103333)
(393,896637, 910,103333)
(521,987915, 910,103210)
(566,590637, 910,103271)
(71,806908, 909,730652)
(15,101851, 909,440979)
(18,143892, 909,440979)
(21,679520, 909,441101)
(21,686316, 909,441040)
(71,806908, 909,441101)
(264,967133, 909,441040)
(521,987915, 908,471375)
(566,590637, 908,471436)
(564,948669, 908,471436)
(71,806908, 908,171692)
(393,896637, 907,370117)
(448,662170, 907,370117)
(488,852570, 907,370239)
(264,967133, 907,330811)
(448,662170, 907,330811)
(521,987915, 907,330750)
(566,590637, 907,330811)
(521,987915, 906,072266)
(566,590637, 906,072266)
(521,987915, 904,772827)
(566,590637, 904,772827)
(264,967133, 904,728943)
(521,987915, 904,728882)
(71,806908, 903,351990)
(194,319901, 903,351990)
(264,967133, 903,351990)
(324,016815, 903,351990)
(21,679520, 903,307983)
(21,686316, 903,307922)
(194,319901, 903,290405)
(264,967133, 903,290405)
(264,967133, 902,161438)
(521,987915, 902,161438)
(264,967133, 902,145630)
(521,987915, 902,145630)
(744,613342, 902,145569)
(264,967133, 901,864380)
(521,987915, 901,074402)
(264,967133, 900,662109)
(521,987915, 900,662109)
(521,987915, 899,628357)
(744,613342, 899,628418)
(509,138397, 898,397461)
(521,987915, 898,397522)
(718,903076, 897,478699)
(744,613342, 897,478699)
(718,903076, 897,072754)
(939,328125, 897,072815)
(955,998474, 897,072815)
(965,182007, 897,072815)
(977,865417, 897,072754)
(113,361000, 896,991394)
(939,328125, 896,657410)
(520,913574, 896,406006)
(675,665588, 895,410583)
(384,491455, 895,389160)
(478,789093, 895,389160)
(520,913574, 895,389221)
(71,806908, 894,697632)
(113,361000, 894,697693)
(151,830139, 894,697693)
(384,491455, 894,697693)
(675,665588, 892,995361)
(293,507568, 892,457214)
(71,806908, 889,892517)
(128,466492, 889,892517)
(151,830139, 889,892517)
(196,835159, 889,892578)
(239,114456, 889,892578)
(478,789093, 889,687134)
(293,507568, 888,577698)
(384,491455, 888,577759)
(478,789093, 888,577637)
(513,974243, 888,577698)
(520,913574, 888,577698)
(675,665588, 888,577637)
(293,507568, 888,419556)
(384,491455, 888,419556)
(478,789093, 888,419495)
(520,913574, 888,419556)
(675,665588, 888,419556)
(128,466492, 886,922729)
(151,830139, 886,922668)
(167,389923, 886,922668)
(293,507568, 886,922729)
(384,491455, 886,922668)
(478,789093, 886,922729)
(520,913574, 886,922729)
(128,466492, 886,897827)
(151,830139, 886,897949)
(167,389923, 886,897888)
(293,507568, 886,897949)
(384,491455, 886,897949)
(478,789093, 886,897888)
(520,913574, 886,897949)
(675,665588, 886,897888)
(700,623047, 886,897888)
(128,466492, 886,459045)
(293,507568, 886,459045)
(384,491455, 886,459045)
(520,913574, 886,459045)
(675,665588, 886,459045)
(700,623047, 886,459045)
(915,289795, 886,459045)
(128,466492, 886,422363)
(520,913574, 886,422363)
(675,665588, 886,422302)
(700,623047, 886,422424)
(232,056198, 884,861267)
(520,913574, 884,413452)
(700,623047, 884,413452)
(128,466492, 883,424622)
(520,913574, 883,424622)
(520,913574, 882,905640)
(520,913574, 882,074524)
(700,623047, 882,074585)
(695,718689, 882,074524)
(919,366150, 882,074585)
(959,191284, 882,074524)
(520,913574, 881,689575)
(128,466492, 880,991760)
(229,292450, 880,991760)
(279,380859, 880,991760)
(520,913574, 880,991821)
(919,366150, 880,479980)
(279,380859, 880,424377)
(128,466492, 879,335144)
(674,183105, 877,787476)
(695,718689, 877,787537)
(919,366150, 877,787476)
(959,191284, 877,787476)
(674,183105, 876,677246)
(695,718689, 876,677185)
(919,366150, 876,677185)
(944,117676, 876,677246)
(674,183105, 875,770264)
(21,686316, 875,743774)
(128,466492, 875,743713)
(674,183105, 875,743774)
(674,183105, 875,680481)
(128,466492, 874,436890)
(547,502136, 874,436890)
(128,466492, 873,547424)
(335,584869, 873,547363)
(416,941406, 873,547363)
(416,941406, 873,524719)
(547,502136, 873,524719)
(737,258362, 872,679382)
(919,366150, 872,679382)
(273,876129, 872,665283)
(320,207825, 872,665222)
(416,941406, 872,665161)
(674,183105, 872,665161)
(919,366150, 872,665283)
(919,366150, 872,651855)
(21,686316, 871,140503)
(94,764832, 871,140503)
(181,998611, 871,140503)
(255,304459, 871,140503)
(273,876129, 871,140503)
(320,207825, 871,140503)
(323,133484, 871,140503)
(416,941406, 871,140503)
(538,106445, 871,140442)
(574,950134, 871,140564)
(674,183105, 871,140442)
(574,950134, 870,711548)
(674,183105, 870,711487)
(416,941406, 870,357727)
(94,764832, 869,762695)
(105,546593, 869,762573)
(138,055450, 869,762634)
(181,998611, 869,762634)
(255,304459, 869,762634)
(273,876129, 869,762573)
(416,941406, 869,762573)
(515,278015, 869,762634)
(538,106445, 869,762634)
(181,998611, 869,066528)
(273,876129, 869,066589)
(324,260529, 869,066589)
(181,998611, 868,566711)
(273,876129, 867,817688)
(246,690216, 863,974365)
(273,876129, 863,974365)
(284,800781, 863,974365)
(387,059204, 863,974365)
(643,096863, 863,974365)
(643,096863, 863,742126)
(217,766708, 863,161438)
(246,690216, 863,161377)
(217,766708, 862,403076)
(273,876129, 862,403015)
(284,800781, 862,403015)
(643,096863, 862,403076)
(717,790222, 862,403076)
(217,766708, 860,689514)
(273,876129, 860,689453)
(284,800781, 860,689575)
(77,691971, 859,860291)
(217,766708, 859,860352)
(273,876129, 859,860291)
(284,800781, 859,860352)
(217,766708, 859,761108)
(273,876129, 859,761108)
(591,278198, 859,761230)
(643,096863, 859,747070)
(717,790222, 859,406067)
(38,172958, 858,776733)
(41,883884, 858,776672)
(217,766708, 858,776733)
(273,876129, 858,776672)
(273,876129, 858,597839)
(293,747833, 857,326538)
(293,747833, 856,460449)
(134,665314, 856,398376)
(645,995850, 856,398376)
(837,053955, 856,398376)
(837,053955, 854,078613)
(96,334633, 853,641724)
(121,978760, 853,641663)
(14,318347, 853,399109)
(41,883884, 853,399048)
(96,334633, 853,399109)
(121,978760, 853,399170)
(41,883884, 852,883179)
(409,447845, 852,883118)
(332,132568, 852,420288)
(409,447845, 852,420288)
(560,000732, 852,420288)
(332,132568, 852,298035)
(41,883884, 851,078125)
(131,923737, 851,078186)
(242,941559, 851,078186)
(332,132568, 851,078125)
(409,447845, 851,078186)
(543,749084, 851,078125)
(560,000732, 851,078125)
(837,053955, 851,078186)
(332,132568, 850,956421)
(332,132568, 850,800476)
(409,447845, 850,800537)
(543,749084, 850,800476)
(560,000732, 850,800537)
(837,053955, 850,800537)
(837,053955, 850,559570)
(543,749084, 849,867004)
(560,000732, 849,867004)
(41,883884, 847,890930)
(128,409149, 847,890991)
(143,648560, 847,890930)
(128,409149, 846,745605)
(492,822998, 846,745667)
(520,239380, 846,745605)
(543,749084, 846,745667)
(560,000732, 846,745667)
(826,040222, 846,745667)
(886,780396, 846,745667)
(931,658325, 846,745667)
(961,272705, 846,745605)
(826,040222, 846,205383)
(886,780396, 846,205383)
(826,040222, 845,856628)
(492,822998, 845,737915)
(520,239380, 845,737915)
(543,749084, 845,737915)
(560,000732, 845,737915)
(543,749084, 845,707703)
(128,409149, 844,798889)
(520,239380, 843,964966)
(543,749084, 843,964966)
(560,000732, 843,964966)
(674,454346, 843,964966)
(826,040222, 843,964966)
(961,272705, 843,964966)
(987,910828, 843,964966)
(309,159393, 841,609924)
(414,577789, 841,609924)
(520,239380, 841,609924)
(522,777832, 841,609985)
(543,749084, 841,609924)
(560,000732, 841,609924)
(597,739929, 841,609985)
(674,454346, 841,609924)
(673,716797, 841,609985)
(826,040222, 840,791077)
(520,239380, 840,429688)
(522,777832, 840,429565)
(543,749084, 840,429626)
(560,000732, 840,429626)
(600,656921, 840,429626)
(826,040222, 840,429626)
(961,272705, 840,429626)
(309,159393, 837,378113)
(419,360107, 837,378052)
(520,239380, 837,091309)
(560,000732, 837,091309)
(600,656921, 837,091309)
(520,239380, 836,794250)
(560,000732, 836,794250)
(560,000732, 836,626160)
(269,704285, 836,212891)
(309,159393, 836,212891)
(560,000732, 836,212891)
(128,409149, 835,935059)
(269,704285, 835,935120)
(309,159393, 835,935120)
(529,089600, 835,935181)
(560,000732, 835,935181)
(269,704285, 835,810669)
(309,159393, 835,810669)
(829,479919, 835,810669)
(829,479919, 835,805969)
(269,704285, 835,259216)
(309,159393, 835,259216)
(51,650764, 835,209351)
(71,276901, 835,209351)
(128,409149, 835,209412)
(269,704285, 835,209412)
(309,159393, 835,209412)
(269,704285, 835,089844)
(309,159393, 835,089905)
(961,272705, 834,270447)
(128,409149, 833,905762)
(128,409149, 833,648621)
(269,704285, 833,648560)
(309,159393, 833,648682)
(766,527466, 833,648682)
(269,704285, 833,353394)
(309,159393, 833,353394)
(269,704285, 832,673645)
(449,017273, 831,288452)
(813,277832, 831,288452)
(764,006592, 830,237061)
(166,138412, 829,068787)
(423,164856, 829,068848)
(449,017273, 829,068848)
(780,771362, 829,024902)
(423,164856, 829,010437)
(423,164856, 828,844177)
(780,771362, 828,144775)
(166,138412, 827,376526)
(339,205688, 827,106934)
(423,164856, 827,106934)
(423,164856, 826,813293)
(724,883972, 825,812256)
(780,771362, 825,812317)
(423,164856, 825,105347)
(780,771362, 824,948181)
(423,164856, 824,426208)
(516,459595, 824,031982)
(90,641258, 823,865479)
(102,008583, 823,865479)
(423,164856, 823,865479)
(780,771362, 823,740723)
(516,459595, 823,097168)
(162,355728, 822,272766)
(423,164856, 822,272766)
(516,459595, 822,272827)
(516,459595, 821,836853)
(90,641258, 819,861755)
(102,008583, 819,861755)
(162,355728, 819,861816)
(532,722656, 818,451599)
(564,037415, 818,451660)
(309,339752, 817,839111)
(532,722656, 817,839172)
(564,037415, 817,839111)
(683,452087, 817,839050)
(274,908081, 815,626282)
(309,339752, 815,626282)
(429,408844, 815,626343)
(532,722656, 815,626343)
(564,037415, 815,626282)
(683,452087, 815,626282)
(349,017456, 814,523315)
(429,408844, 814,523254)
(683,452087, 814,242676)
(858,954102, 814,242676)
(883,216003, 814,242676)
(918,134766, 814,242676)
(987,910828, 814,242737)
(429,408844, 813,751404)
(532,722656, 813,751282)
(619,956421, 813,751282)
(532,722656, 813,575684)
(619,956421, 813,575745)
(162,355728, 813,233154)
(532,722656, 813,233215)
(619,956421, 813,233215)
(858,954102, 813,233154)
(883,216003, 813,233215)
(102,008583, 813,191284)
(121,864380, 813,191345)
(155,551605, 813,191284)
(121,864380, 810,812439)
(155,551605, 810,812500)
(619,956421, 810,812439)
(797,375427, 810,812500)
(619,956421, 810,254028)
(797,375427, 810,226074)
(858,954102, 810,226074)
(883,216003, 810,226013)
(208,768661, 808,869324)
(619,956421, 808,869263)
(797,375427, 808,575317)
(883,216003, 808,326599)
(208,768661, 808,014038)
(619,956421, 807,988342)
(208,768661, 806,917358)
(90,641258, 806,349243)
(102,008583, 806,349243)
(208,768661, 806,349182)
(619,956421, 806,349182)
(646,264648, 806,349243)
(508,768036, 804,307251)
(619,956421, 804,307312)
(883,216003, 804,307373)
(377,028870, 803,521851)
(377,028870, 802,576477)
(362,791656, 801,524963)
(102,115570, 801,051453)
(356,380219, 801,051453)
(362,791656, 801,051453)
(356,380219, 800,423096)
(572,745483, 798,499695)
(869,355591, 798,499634)
(572,745483, 798,242004)
(263,825226, 796,112732)
(572,745483, 796,112793)
(9,598076, 796,046448)
(54,512383, 796,046387)
(57,583214, 796,046387)
(125,490128, 796,046387)
(572,745483, 796,046448)
(792,057861, 795,820374)
(919,070190, 795,820435)
(368,097778, 795,573853)
(572,745483, 795,573853)
(919,070190, 795,395264)
(368,097778, 795,336853)
(572,745483, 795,041504)
(368,097778, 794,753235)
(572,745483, 794,753174)
(368,097778, 793,040894)
(76,929871, 792,943298)
(368,097778, 792,943359)
(572,745483, 791,973328)
(632,391174, 791,973389)
(707,966431, 791,973328)
(778,729309, 791,973389)
(57,583214, 791,741760)
(76,929871, 791,741699)
(48,878433, 791,687744)
(60,153900, 791,687744)
(76,929871, 791,687805)
(76,929871, 791,256287)
(778,729309, 791,256287)
(463,738556, 790,658997)
(778,729309, 788,207092)
(911,940247, 788,207092)
(273,030334, 786,034485)
(767,073242, 785,278748)
(911,940247, 785,278748)
(767,073242, 784,479187)
(273,030334, 783,756714)
(644,475281, 782,873474)
(767,073242, 782,873535)
(797,903442, 782,873474)
(911,940247, 782,873535)
(220,848923, 781,056335)
(273,030334, 781,056335)
(767,073242, 781,056274)
(273,030334, 779,732727)
(176,116287, 778,580811)
(273,030334, 778,580811)
(176,116287, 777,138428)
(259,227692, 777,138489)
(273,030334, 777,138428)
(560,266357, 777,138428)
(259,227692, 777,063599)
(987,910828, 775,830200)
(984,530579, 775,830261)
(560,266357, 775,577942)
(588,982971, 775,577942)
(259,227692, 774,440063)
(269,481720, 774,440063)
(366,245758, 774,440063)
(560,266357, 774,440063)
(588,982971, 774,440063)
(269,481720, 773,611511)
(767,073242, 773,611511)
(261,537659, 772,929932)
(269,481720, 772,929993)
(767,073242, 772,161377)
(810,445557, 772,161316)
(902,939392, 772,161316)
(899,863708, 772,161377)
(269,481720, 771,675049)
(767,073242, 771,675049)
(816,585693, 771,675110)
(809,643799, 770,551025)
(767,073242, 769,771423)
(809,643799, 769,771423)
(898,205872, 769,771484)
(235,229904, 769,316956)
(767,073242, 769,050232)
(330,347534, 769,021240)
(280,899658, 766,810425)
(435,514496, 766,810425)
(730,189270, 766,810425)
(767,073242, 766,810425)
(280,899658, 766,568237)
(280,899658, 766,565735)
(627,697144, 765,039734)
(447,159698, 764,269043)
(627,697144, 764,269104)
(675,586182, 764,269043)
(627,697144, 763,419312)
(656,891357, 763,419373)
(802,777344, 763,419312)
(613,017029, 762,786133)
(627,697144, 762,786194)
(656,891357, 762,786194)
(658,843506, 762,786194)
(711,233154, 762,786133)
(599,813354, 761,609924)
(283,499298, 761,086731)
(283,499298, 760,392578)
(447,159698, 760,392578)
(627,697144, 760,392578)
(658,843506, 760,392517)
(692,006287, 760,392517)
(754,400269, 760,392517)
(956,974609, 760,392578)
(283,499298, 760,237915)
(67,827461, 759,659546)
(447,159698, 759,659607)
(658,843506, 759,659546)
(680,755676, 759,659546)
(692,006287, 759,659485)
(754,400269, 759,659485)
(873,692444, 759,659485)
(447,159698, 759,427429)
(658,843506, 759,427490)
(692,006287, 759,427429)
(754,400269, 759,427490)
(447,159698, 758,404724)
(658,843506, 758,404724)
(692,006287, 758,404602)
(754,400269, 758,404663)
(309,355255, 757,094421)
(754,400269, 755,920410)
(658,843506, 754,528687)
(692,006287, 754,528748)
(733,597290, 754,528687)
(754,400269, 754,528687)
(658,843506, 754,212585)
(692,006287, 754,212585)
(69,642662, 751,794495)
(295,369873, 751,526794)
(658,843506, 751,435303)
(692,006287, 751,435242)
(741,061096, 751,435242)
(754,400269, 751,435303)
(295,369873, 751,046509)
(19,713461, 750,987000)
(69,642662, 750,987000)
(295,369873, 750,987000)
(47,924221, 750,083679)
(69,642662, 750,083679)
(295,369873, 750,083679)
(295,369873, 749,968445)
(658,843506, 749,807678)
(692,006287, 749,807678)
(741,061096, 749,807678)
(754,400269, 749,807739)
(819,566345, 749,807678)
(884,605225, 749,807739)
(295,369873, 749,267761)
(77,491638, 748,656555)
(185,800140, 748,656494)
(244,465714, 748,656494)
(295,369873, 748,656494)
(632,815735, 748,656555)
(658,843506, 748,656494)
(692,006287, 748,656494)
(658,843506, 748,193848)
(692,006287, 748,193848)
(225,231705, 747,146790)
(244,465714, 747,146729)
(295,369873, 747,146790)
(427,532898, 747,146790)
(658,843506, 747,146790)
(692,006287, 747,146729)
(819,908813, 747,146790)
(244,465714, 745,037659)
(295,369873, 745,037659)
(324,873871, 745,037720)
(406,013000, 745,037598)
(19,713461, 744,419922)
(36,411285, 744,419922)
(47,924221, 744,419922)
(69,642662, 744,419922)
(102,020142, 744,419983)
(427,532898, 743,597046)
(518,690063, 743,597107)
(658,843506, 743,597046)
(692,006287, 743,597046)
(518,690063, 743,593567)
(692,006287, 743,593567)
(427,532898, 743,206787)
(434,315338, 743,206726)
(518,690063, 743,206726)
(36,411285, 742,865662)
(47,924221, 742,865662)
(69,642662, 742,865662)
(116,074982, 742,865723)
(225,231705, 742,865662)
(267,190582, 742,865723)
(295,369873, 742,865723)
(427,532898, 742,865723)
(434,315338, 742,865723)
(518,690063, 742,865662)
(692,006287, 742,865723)
(69,642662, 741,757385)
(401,142365, 741,228027)
(427,532898, 741,228027)
(434,315338, 741,228027)
(515,396484, 741,228027)
(692,006287, 741,228027)
(787,325378, 741,228027)
(195,973038, 741,064392)
(225,231705, 741,064331)
(427,532898, 741,064392)
(515,396484, 741,064392)
(406,818756, 739,728577)
(515,396484, 739,728516)
(692,006287, 739,728516)
(195,973038, 739,540771)
(19,713461, 739,535583)
(37,881672, 739,535645)
(69,642662, 739,535645)
(195,973038, 739,535583)
(692,006287, 739,535583)
(832,917725, 739,535583)
(918,318848, 739,535645)
(37,881672, 737,200439)
(69,642662, 737,200439)
(69,063782, 737,200378)
(125,961662, 737,200439)
(792,153992, 733,925537)
(800,382996, 733,925598)
(829,240295, 733,925598)
(792,153992, 733,834412)
(800,382996, 733,834473)
(918,318848, 733,834473)
(943,913696, 733,834473)
(620,678040, 732,808777)
(800,382996, 732,808716)
(620,678040, 732,504578)
(620,678040, 732,298340)
(620,678040, 731,714355)
(800,382996, 731,714294)
(620,678040, 731,237793)
(800,382996, 731,237732)
(832,088318, 731,237732)
(884,980042, 731,237793)
(800,382996, 730,729431)
(69,642662, 730,602417)
(69,063782, 730,602417)
(125,961662, 730,602417)
(800,382996, 728,658386)
(181,149719, 727,199158)
(800,382996, 727,199158)
(853,632629, 727,199158)
(884,980042, 727,199158)
(943,913696, 727,199097)
(125,961662, 727,022583)
(181,149719, 727,022583)
(327,481750, 727,022644)
(586,594971, 727,022583)
(800,382996, 726,815186)
(586,594971, 726,307007)
(327,481750, 724,957214)
(373,583923, 724,957214)
(586,594971, 724,957214)
(676,905518, 722,229370)
(819,650818, 722,229370)
(461,962524, 722,200867)
(8,242666, 721,085876)
(23,860872, 721,085876)
(69,642662, 721,085876)
(125,961662, 721,085876)
(136,463043, 721,085876)
(145,416794, 721,085876)
(153,550919, 721,085876)
(350,296265, 721,085876)
(56,048157, 720,236328)
(69,642662, 720,236389)
(94,090286, 720,236328)
(125,961662, 720,236389)
(136,463043, 720,236328)
(145,416794, 720,236389)
(153,550919, 720,236389)
(200,577621, 720,236389)
(23,860872, 719,923523)
(56,048157, 719,923523)
(125,961662, 719,923523)
(136,463043, 719,923523)
(153,550919, 719,923523)
(200,577621, 719,923523)
(350,296265, 719,923523)
(136,463043, 719,887085)
(350,296265, 719,396118)
(187,416138, 717,966614)
(350,296265, 717,966675)
(546,659668, 717,966675)
(546,659668, 717,933228)
(819,650818, 717,933228)
(900,751587, 717,933228)
(917,099731, 717,933289)
(943,913696, 717,933228)
(819,650818, 717,207764)
(819,650818, 716,030090)
(23,860872, 715,058899)
(65,708397, 715,058960)
(136,463043, 715,058899)
(350,296265, 715,058838)
(819,650818, 714,045654)
(23,860872, 713,959534)
(65,708397, 713,959473)
(136,463043, 713,959534)
(350,296265, 713,959534)
(65,708397, 713,357910)
(401,349548, 711,064270)
(314,663574, 710,888000)
(374,072845, 710,793152)
(157,710251, 709,430481)
(606,229431, 708,011963)
(173,909180, 706,921875)
(283,251648, 706,921875)
(94,106316, 706,105347)
(106,439293, 706,105408)
(157,710251, 706,105347)
(173,909180, 706,105347)
(283,251648, 706,105347)
(64,445915, 705,247131)
(106,439293, 705,247131)
(283,251648, 705,247131)
(64,445915, 704,589600)
(106,439293, 704,589539)
(283,251648, 704,589539)
(283,251648, 704,194824)
(819,643677, 704,081543)
(283,251648, 703,356262)
(283,251648, 702,990540)
(596,805359, 702,859375)
(283,251648, 702,668518)
(666,984131, 702,668579)
(819,643677, 702,668579)
(64,445915, 700,457947)
(283,251648, 700,457947)
(308,102356, 700,457947)
(939,616760, 700,458008)
(283,251648, 699,614441)
(12,647867, 699,567993)
(64,445915, 699,567993)
(283,251648, 699,568054)
(12,647867, 698,534363)
(553,707947, 696,524780)
(283,251648, 696,205200)
(357,924805, 696,205139)
(357,924805, 695,690186)
(283,251648, 695,192871)
(357,924805, 695,192871)
(283,251648, 694,744812)
(889,449341, 694,004272)
(283,251648, 691,861694)
(357,924805, 691,861694)
(787,815979, 691,861694)
(889,449341, 691,861694)
(981,024231, 691,861694)
(283,251648, 691,350830)
(357,924805, 691,350891)
(787,815979, 691,350830)
(283,251648, 689,281128)
(357,924805, 689,281067)
(674,648987, 689,281128)
(283,251648, 688,385254)
(357,924805, 688,385193)
(45,930386, 686,041870)
(81,625160, 686,041870)
(568,948242, 686,041809)
(572,727478, 686,041809)
(889,449341, 686,041809)
(45,930386, 685,172485)
(81,625160, 685,172485)
(572,727478, 685,076355)
(889,449341, 683,663879)
(81,625160, 682,806580)
(316,548035, 682,806580)
(889,449341, 682,490234)
(546,444214, 682,072205)
(546,444214, 680,232910)
(387,432922, 680,177429)
(265,552277, 679,902588)
(322,063568, 679,902527)
(546,444214, 679,902588)
(546,444214, 679,863037)
(72,545708, 676,851868)
(81,625160, 676,851807)
(265,552277, 676,851868)
(365,197296, 676,851868)
(546,444214, 676,851807)
(546,444214, 676,813110)
(571,216064, 676,813171)
(738,266113, 676,813110)
(265,552277, 676,792114)
(546,444214, 676,792053)
(265,552277, 676,683899)
(265,552277, 676,270569)
(72,545708, 674,528320)
(81,625160, 674,528259)
(265,552277, 674,528320)
(280,141937, 674,528259)
(546,444214, 673,293274)
(726,336548, 673,293213)
(374,001373, 673,113098)
(546,444214, 673,113037)
(374,001373, 673,071045)
(546,444214, 673,071045)
(546,444214, 673,024597)
(726,336548, 673,024658)
(677,380737, 671,484680)
(726,336548, 671,484680)
(833,542603, 670,474731)
(374,001373, 669,305237)
(726,336548, 669,305237)
(31,142593, 669,274475)
(72,545708, 669,274475)
(81,625160, 669,274475)
(196,235413, 669,274475)
(218,500259, 669,274536)
(265,552277, 669,274536)
(374,001373, 669,274475)
(726,336548, 668,916748)
(833,542603, 668,916748)
(726,336548, 668,502930)
(512,713684, 665,367676)
(726,336548, 665,367676)
(812,812439, 665,367676)
(971,777588, 664,951355)
(196,235413, 664,933472)
(218,500259, 664,933472)
(697,239746, 664,616699)
(726,336548, 664,616699)
(697,239746, 664,304321)
(72,545708, 663,663330)
(81,625160, 663,663269)
(118,196129, 663,663269)
(72,545708, 663,405884)
(81,625160, 663,405762)
(118,196129, 663,405823)
(218,500259, 663,386963)
(462,198151, 663,386902)
(697,239746, 663,386963)
(556,742737, 663,082275)
(697,239746, 663,082275)
(72,545708, 662,429932)
(81,625160, 662,429932)
(118,196129, 662,429932)
(218,500259, 662,429932)
(697,239746, 662,429932)
(622,690674, 661,527222)
(574,151794, 657,861877)
(40,879368, 656,023926)
(72,545708, 656,023865)
(81,625160, 656,023865)
(149,814957, 656,023926)
(574,151794, 655,809631)
(710,804321, 655,748657)
(81,625160, 653,315857)
(574,151794, 653,315857)
(574,151794, 653,250183)
(746,859009, 653,250244)
(781,394409, 653,250183)
(594,341309, 649,370789)
(838,437805, 648,745300)
(952,741760, 648,745239)
(121,894363, 647,577454)
(159,602341, 647,577515)
(170,790253, 647,577515)
(315,473145, 645,915344)
(594,341309, 645,915405)
(738,788635, 645,915344)
(838,437805, 645,915344)
(170,790253, 645,791443)
(838,437805, 645,791382)
(952,741760, 645,791382)
(975,622498, 645,791443)
(678,200623, 644,512817)
(678,200623, 643,901001)
(764,501587, 643,901001)
(838,437805, 643,900940)
(170,790253, 643,724060)
(725,177734, 640,099915)
(725,177734, 638,913696)
(108,536186, 638,621338)
(170,790253, 638,621399)
(725,177734, 638,258667)
(170,790253, 638,251465)
(340,748718, 636,695923)
(320,555145, 633,909851)
(545,360535, 633,909912)
(320,555145, 633,039795)
(232,606644, 632,263672)
(320,555145, 632,263672)
(232,606644, 631,910583)
(528,309387, 630,850525)
(232,606644, 630,071838)
(528,309387, 629,774719)
(650,209106, 629,774780)
(876,078552, 629,774719)
(952,741760, 629,774719)
(232,606644, 629,306763)
(197,633499, 629,088989)
(528,309387, 629,088989)
(876,078552, 628,996460)
(952,741760, 628,501831)
(189,369980, 626,297119)
(577,833801, 626,297180)
(577,833801, 626,289063)
(577,833801, 625,149414)
(189,369980, 624,581848)
(427,917664, 624,581848)
(577,833801, 624,581848)
(577,833801, 624,403259)
(189,369980, 624,106628)
(427,917664, 624,106628)
(975,622498, 624,106567)
(427,917664, 623,975891)
(427,917664, 623,247864)
(721,715149, 623,247803)
(721,715149, 623,147400)
(189,369980, 622,483521)
(427,917664, 622,483521)
(427,917664, 622,274597)
(164,084854, 621,380493)
(349,245605, 620,985596)
(427,917664, 620,985596)
(611,219543, 620,985596)
(611,219543, 620,824524)
(427,917664, 619,741455)
(611,219543, 619,741455)
(349,245605, 619,583008)
(427,917664, 619,583069)
(572,624573, 619,583008)
(611,219543, 619,583008)
(349,245605, 619,232544)
(572,624573, 619,232544)
(611,219543, 619,232544)
(572,624573, 619,199280)
(801,252747, 617,331482)
(801,252747, 616,047485)
(275,131165, 614,639648)
(541,655884, 614,639648)
(627,189636, 614,639648)
(782,098389, 614,639648)
(880,128296, 614,639648)
(21,306753, 614,599915)
(49,784958, 614,599915)
(623,741028, 614,421875)
(627,189636, 614,421936)
(782,098389, 614,421875)
(880,128296, 614,421875)
(275,131165, 613,638245)
(541,655884, 613,638245)
(275,131165, 613,637817)
(541,655884, 613,346741)
(627,189636, 613,346741)
(275,131165, 611,933105)
(453,735901, 611,933167)
(275,131165, 610,310547)
(541,655884, 610,310547)
(275,131165, 610,238281)
(752,364685, 610,238342)
(782,098389, 610,238342)
(832,017883, 610,238342)
(752,364685, 609,777283)
(782,098389, 609,777222)
(205,361847, 608,796753)
(884,230286, 608,524231)
(928,519470, 608,524292)
(205,361847, 608,426025)
(205,361847, 608,275696)
(928,519470, 608,275696)
(205,361847, 608,204651)
(574,103638, 608,204712)
(49,581112, 607,028503)
(205,361847, 607,028503)
(454,433380, 607,028503)
(553,301575, 607,028503)
(574,103638, 607,028503)
(861,542725, 607,028503)
(861,542725, 606,370117)
(454,433380, 606,059875)
(574,103638, 606,059937)
(14,739513, 605,483459)
(49,581112, 605,483459)
(205,361847, 605,483459)
(454,433380, 605,111755)
(574,103638, 605,111755)
(643,798767, 605,111694)
(498,818756, 604,654053)
(574,103638, 604,654053)
(643,798767, 604,654053)
(49,581112, 603,068970)
(305,238708, 603,068909)
(574,103638, 603,068909)
(643,798767, 603,068909)
(642,027710, 603,068909)
(860,640442, 603,068909)
(886,598877, 603,068909)
(942,636597, 603,068970)
(305,238708, 602,653809)
(638,629456, 602,653809)
(643,798767, 602,653809)
(642,027710, 602,653870)
(638,629456, 602,202515)
(292,103699, 601,616821)
(638,629456, 601,170044)
(731,136230, 600,842712)
(860,640442, 600,842712)
(14,739513, 597,688110)
(91,267052, 597,688110)
(659,061340, 597,458618)
(91,267052, 595,273315)
(323,849426, 595,273315)
(323,849426, 594,590332)
(659,061340, 594,590332)
(323,849426, 594,317139)
(323,849426, 593,550110)
(731,136230, 593,550171)
(120,323959, 593,363464)
(323,849426, 593,363464)
(299,472748, 592,797668)
(194,135315, 591,907471)
(120,323959, 591,819580)
(194,135315, 591,819519)
(221,899811, 590,036987)
(23,163260, 589,727478)
(565,830627, 583,630127)
(919,756653, 583,630127)
(565,830627, 583,195129)
(565,830627, 582,143616)
(212,157730, 581,433105)
(212,157730, 581,420471)
(975,622498, 580,222046)
(212,157730, 580,093384)
(212,157730, 579,543640)
(967,869568, 576,791504)
(967,869568, 575,957275)
(723,924622, 574,507263)
(610,615967, 572,244507)
(624,624817, 571,126770)
(624,624817, 569,863342)
(795,463623, 569,863342)
(624,624817, 569,665344)
(795,463623, 569,665405)
(879,499451, 569,665405)
(765,134827, 569,067688)
(795,463623, 569,067688)
(765,134827, 568,353333)
(795,463623, 568,353394)
(879,499451, 568,353333)
(109,573486, 566,660339)
(438,085083, 566,660339)
(765,134827, 566,660339)
(795,463623, 566,660339)
(791,141357, 566,660339)
(842,829834, 566,660339)
(765,134827, 566,653320)
(795,463623, 566,653320)
(791,141357, 566,653320)
(842,829834, 566,653320)
(552,526245, 565,738586)
(795,463623, 565,738586)
(791,141357, 565,738586)
(964,632141, 565,738586)
(430,090912, 564,114014)
(527,392517, 564,114075)
(430,090912, 561,812927)
(71,922897, 560,376526)
(109,573486, 560,376587)
(432,591248, 560,376526)
(964,632141, 560,351196)
(169,369278, 558,528259)
(169,369278, 558,213745)
(169,369278, 557,849365)
(224,696991, 557,643250)
(846,493958, 557,375732)
(964,632141, 556,137146)
(183,131165, 555,389526)
(465,534973, 554,663879)
(66,892685, 554,153625)
(67,970512, 554,153564)
(71,922897, 554,153564)
(183,131165, 554,153564)
(465,534973, 554,153625)
(618,423950, 553,556580)
(873,703369, 553,556641)
(465,534973, 553,476868)
(618,423950, 553,448792)
(763,238342, 550,912231)
(840,795959, 550,912231)
(66,892685, 550,486267)
(512,695190, 550,486267)
(618,423950, 550,486267)
(840,795959, 550,486328)
(512,695190, 550,142395)
(66,892685, 547,147766)
(757,705322, 546,085754)
(828,845886, 546,085693)
(757,705322, 545,302307)
(828,845886, 545,302307)
(175,770050, 544,826904)
(214,393265, 544,826904)
(268,065277, 544,826904)
(363,188995, 544,826904)
(428,056122, 544,826904)
(428,056122, 544,823303)
(512,695190, 544,823303)
(175,770050, 544,712952)
(268,065277, 544,712952)
(428,056122, 544,712952)
(512,695190, 544,712952)
(66,892685, 544,507019)
(175,770050, 544,507019)
(268,065277, 544,507019)
(428,056122, 544,507019)
(654,718506, 543,313293)
(757,705322, 543,313232)
(769,763000, 543,313293)
(828,845886, 543,313232)
(175,770050, 543,183350)
(428,056122, 542,869751)
(654,718506, 542,869751)
(757,705322, 542,869751)
(769,763000, 542,869751)
(323,350250, 542,851196)
(428,056122, 542,851196)
(654,718506, 542,851257)
(757,705322, 542,851196)
(66,892685, 541,963318)
(175,770050, 541,963318)
(66,892685, 540,807068)
(654,718506, 538,604248)
(653,767273, 538,604248)
(710,413086, 538,604248)
(757,705322, 538,604248)
(654,718506, 537,127319)
(653,767273, 537,127319)
(710,413086, 537,127319)
(654,718506, 535,951904)
(653,767273, 535,951965)
(757,705322, 535,951965)
(654,718506, 535,789185)
(653,767273, 535,789185)
(757,705322, 535,789185)
(653,767273, 535,389587)
(66,892685, 535,295166)
(73,448540, 535,295166)
(653,767273, 535,295166)
(740,343689, 531,140076)
(746,659851, 531,140015)
(774,720703, 531,140076)
(316,324585, 530,623352)
(740,343689, 530,623352)
(746,659851, 530,623352)
(746,659851, 530,109985)
(746,659851, 529,931946)
(186,030991, 527,860596)
(199,416763, 527,860657)
(246,155853, 527,860596)
(274,842010, 527,860596)
(316,324585, 527,860657)
(746,659851, 527,860596)
(246,155853, 527,387878)
(316,324585, 527,387817)
(746,659851, 527,387817)
(60,432671, 527,120117)
(66,892685, 527,120117)
(73,448540, 527,120178)
(186,030991, 527,120178)
(246,155853, 527,120178)
(316,324585, 527,120178)
(73,448540, 526,755981)
(316,324585, 526,756042)
(316,324585, 524,873840)
(436,599731, 524,873901)
(60,432671, 524,693359)
(66,892685, 524,693359)
(73,448540, 524,693359)
(316,324585, 524,693359)
(436,599731, 524,055298)
(316,324585, 523,342407)
(436,599731, 523,342407)
(60,432671, 521,596619)
(66,892685, 521,596558)
(252,964737, 521,596619)
(249,986176, 520,992615)
(728,878113, 520,992615)
(809,448242, 520,065308)
(728,878113, 519,275452)
(595,813354, 517,020081)
(809,448242, 517,020081)
(839,756226, 517,020020)
(595,813354, 516,830017)
(595,813354, 516,788635)
(595,813354, 516,551636)
(839,756226, 516,551636)
(595,813354, 515,537537)
(839,756226, 515,421448)
(839,756226, 514,553406)
(129,828690, 512,075989)
(763,433472, 510,835938)
(597,405640, 509,804565)
(33,215584, 509,751404)
(597,405640, 509,751404)
(743,356384, 509,371338)
(869,936462, 509,371338)
(971,127136, 509,371338)
(991,124146, 509,371368)
(990,517883, 509,371338)
(869,936462, 508,877411)
(33,215584, 508,696564)
(86,459221, 508,696564)
(743,356384, 508,696564)
(743,356384, 508,285370)
(548,821777, 506,818756)
(743,356384, 506,818756)
(971,127136, 506,818787)
(548,821777, 506,482513)
(465,348663, 504,062134)
(340,171448, 503,251984)
(86,459221, 502,488617)
(369,457672, 502,488586)
(369,457672, 501,894562)
(86,459221, 500,601349)
(369,457672, 500,601349)
(86,459221, 499,766449)
(315,361572, 499,766479)
(369,457672, 499,766479)
(862,293335, 499,766479)
(315,361572, 498,111603)
(369,457672, 497,935699)
(315,361572, 497,335297)
(313,324860, 497,335266)
(369,457672, 497,335266)
(86,459221, 497,318512)
(313,324860, 497,318542)
(369,457672, 497,318481)
(629,042297, 497,318542)
(862,293335, 497,318512)
(313,324860, 497,109985)
(369,457672, 497,110016)
(629,042297, 497,110016)
(879,762024, 496,441284)
(593,713562, 496,258911)
(313,324860, 496,007782)
(593,713562, 496,007751)
(313,324860, 495,702606)
(593,713562, 495,395844)
(879,762024, 494,876404)
(713,636597, 493,872467)
(313,324860, 493,796356)
(713,636597, 493,796356)
(879,762024, 493,796326)
(313,324860, 493,509247)
(713,636597, 493,509216)
(16,426802, 493,360382)
(51,803291, 493,360382)
(72,104752, 493,360352)
(72,104752, 491,487793)
(165,149628, 491,487823)
(313,324860, 491,487793)
(618,156494, 491,487823)
(618,156494, 490,869720)
(72,104752, 490,652649)
(618,156494, 490,224731)
(659,990540, 490,224731)
(659,990540, 489,940521)
(713,636597, 489,940521)
(841,054932, 489,940521)
(313,324860, 489,127808)
(659,990540, 489,116791)
(713,636597, 489,116791)
(379,786682, 486,973846)
(713,636597, 486,425903)
(841,054932, 486,425903)
(841,054932, 485,967010)
(379,786682, 484,609802)
(618,156494, 484,609772)
(693,564453, 484,609802)
(713,636597, 484,609772)
(479,407776, 483,423645)
(618,156494, 483,423645)
(693,564453, 483,423706)
(713,636597, 483,423676)
(16,426802, 482,939575)
(16,257286, 482,939636)
(72,104752, 482,939575)
(165,149628, 482,939575)
(379,786682, 482,939575)
(383,957855, 482,939575)
(479,407776, 482,939606)
(618,156494, 482,939606)
(693,564453, 482,939575)
(379,786682, 482,826752)
(383,957855, 482,826782)
(618,156494, 482,826752)
(165,149628, 482,825439)
(379,786682, 482,825439)
(618,156494, 482,825439)
(379,786682, 481,856781)
(618,156494, 481,856781)
(379,786682, 481,347504)
(532,753723, 481,347504)
(618,156494, 481,347504)
(706,200745, 481,347473)
(618,156494, 479,454224)
(706,200745, 479,454193)
(808,456909, 476,588837)
(765,361816, 474,845184)
(232,702011, 473,331604)
(438,663727, 473,331635)
(134,132324, 472,589264)
(438,663727, 472,478394)
(232,702011, 471,533813)
(232,702011, 471,092499)
(134,132324, 471,077301)
(765,361816, 470,923553)
(865,139343, 470,923553)
(134,132324, 468,842499)
(279,097748, 468,842468)
(279,097748, 468,651031)
(279,097748, 468,089966)
(444,278778, 467,068665)
(279,097748, 465,585907)
(444,278778, 465,585907)
(279,097748, 464,974518)
(279,097748, 464,768646)
(279,097748, 461,037292)
(212,998276, 459,837006)
(279,097748, 459,837036)
(840,741638, 459,837036)
(989,645508, 459,837036)
(212,998276, 459,178040)
(538,915161, 459,178040)
(598,258301, 459,178009)
(598,258301, 458,278473)
(403,598602, 456,712402)
(647,474792, 456,712372)
(647,474792, 456,556396)
(647,474792, 455,379700)
(647,474792, 454,797485)
(353,349976, 453,875244)
(647,474792, 453,875244)
(647,474792, 453,635193)
(134,132324, 451,641632)
(462,015381, 451,130768)
(647,474792, 450,962433)
(462,015381, 450,834045)
(647,474792, 450,834076)
(582,885437, 450,498016)
(582,885437, 448,626434)
(582,885437, 448,516815)
(582,885437, 446,861908)
(582,885437, 446,264862)
(694,796692, 446,264862)
(694,796692, 445,780090)
(16,426802, 445,108398)
(26,229263, 445,108398)
(582,885437, 445,107605)
(694,796692, 445,107635)
(582,885437, 444,701904)
(694,796692, 444,701874)
(694,796692, 444,581329)
(582,885437, 443,974487)
(694,796692, 443,974487)
(709,618896, 443,974487)
(694,796692, 443,330444)
(709,618896, 443,330475)
(582,885437, 443,156647)
(582,885437, 442,669495)
(330,053375, 441,718750)
(330,053375, 441,208038)
(330,053375, 439,258148)
(441,473541, 439,258179)
(330,053375, 438,306580)
(330,053375, 437,696198)
(769,539429, 436,394745)
(820,874756, 436,394745)
(820,874756, 436,037964)
(26,229263, 434,179535)
(62,526047, 434,179565)
(287,175293, 433,040405)
(989,645508, 432,808319)
(481,003998, 430,832245)
(287,175293, 429,979675)
(202,411179, 429,651093)
(206,334229, 429,651123)
(261,437103, 429,651123)
(287,175293, 429,651093)
(481,003998, 429,651123)
(206,334229, 429,313385)
(261,437103, 429,313354)
(287,175293, 429,313385)
(296,840118, 429,313416)
(481,003998, 429,313385)
(261,437103, 428,803680)
(287,175293, 428,803589)
(345,448425, 428,803650)
(481,003998, 428,803650)
(206,334229, 428,560699)
(261,437103, 428,560699)
(287,175293, 428,560699)
(815,543030, 428,560699)
(62,526047, 427,817169)
(173,589294, 427,817169)
(206,334229, 427,817169)
(261,398499, 427,817200)
(173,589294, 426,996613)
(206,334229, 426,996613)
(261,398499, 426,996613)
(173,589294, 426,488312)
(206,334229, 426,488312)
(261,398499, 426,488312)
(173,589294, 426,419678)
(261,398499, 426,419678)
(261,398499, 423,280334)
(100,652992, 421,160950)
(261,398499, 421,160950)
(494,227112, 421,160950)
(261,398499, 419,941772)
(26,229263, 416,599426)
(636,059387, 415,194366)
(250,691467, 414,558136)
(661,753296, 414,558136)
(250,691467, 414,165222)
(250,691467, 413,958740)
(567,521423, 413,958710)
(567,521423, 413,721466)
(567,521423, 413,667969)
(567,521423, 411,329010)
(567,521423, 410,480530)
(857,045288, 410,480591)
(968,111206, 410,480560)
(963,980652, 410,480530)
(70,552467, 409,499176)
(72,199821, 409,499146)
(185,958801, 409,499146)
(567,521423, 409,499146)
(591,751404, 409,499146)
(567,521423, 409,349335)
(591,751404, 409,349335)
(567,521423, 408,415955)
(591,751404, 408,415955)
(70,552467, 407,794800)
(72,199821, 407,794769)
(567,521423, 407,291656)
(70,552467, 405,663147)
(72,199821, 405,663208)
(269,851807, 405,663177)
(567,521423, 405,663177)
(72,199821, 405,461945)
(269,851807, 405,226929)
(567,521423, 405,226898)
(567,521423, 405,190796)
(269,851807, 405,169708)
(567,521423, 405,169678)
(567,521423, 404,198853)
(567,521423, 403,587067)
(318,668915, 399,237732)
(154,127182, 399,040833)
(269,851807, 399,040833)
(318,668915, 399,040833)
(269,851807, 395,554565)
(318,668915, 395,554565)
(269,851807, 395,005615)
(72,199821, 394,304993)
(88,164207, 394,304993)
(129,262802, 394,305023)
(269,851807, 394,304993)
(269,851807, 394,252808)
(474,000763, 393,436096)
(269,851807, 393,355560)
(278,842499, 393,355560)
(474,000763, 393,355560)
(72,199821, 393,298309)
(88,164207, 393,298279)
(129,262802, 393,298279)
(269,851807, 393,298279)
(72,199821, 393,036316)
(269,851807, 393,036316)
(474,000763, 393,036316)
(702,406311, 393,036316)
(269,851807, 393,032837)
(702,406311, 393,002136)
(269,851807, 392,657471)
(552,102295, 392,657471)
(552,102295, 392,254120)
(26,229263, 392,073975)
(72,199821, 392,073975)
(269,851807, 392,073975)
(269,851807, 391,704407)
(505,150482, 391,704437)
(505,150482, 390,503265)
(895,368042, 388,638245)
(651,878113, 388,144073)
(298,787598, 386,705688)
(298,787598, 386,562256)
(603,282837, 386,471161)
(651,878113, 386,471130)
(603,282837, 385,686707)
(651,878113, 385,686737)
(8,623302, 384,764404)
(26,229263, 384,764435)
(72,199821, 384,764465)
(142,879486, 384,764435)
(287,758759, 384,764435)
(603,282837, 384,764435)
(651,878113, 384,764435)
(26,229263, 384,295746)
(72,199821, 384,295776)
(142,879486, 384,295776)
(603,282837, 384,295746)
(651,878113, 384,295776)
(603,282837, 384,170837)
(651,878113, 384,170837)
(651,878113, 384,155090)
(72,199821, 383,227264)
(142,879486, 383,227264)
(651,878113, 383,227295)
(72,199821, 382,802124)
(651,878113, 382,802155)
(909,753174, 380,499969)
(53,744019, 380,055115)
(72,199821, 380,055084)
(909,753174, 379,105927)
(72,199821, 377,903381)
(72,199821, 377,613495)
(793,187073, 375,109528)
(876,857849, 375,109528)
(149,730560, 374,623016)
(148,438751, 374,623016)
(691,731812, 374,506012)
(433,503204, 374,330994)
(657,536194, 371,051575)
(663,533386, 371,051575)
(691,731812, 371,051544)
(793,187073, 370,806274)
(691,731812, 370,261200)
(793,187073, 370,261230)
(148,438751, 369,928558)
(646,854553, 368,948090)
(148,438751, 368,817078)
(646,854553, 368,817078)
(710,947815, 368,817078)
(793,187073, 368,817078)
(646,854553, 368,431458)
(793,187073, 368,431427)
(350,604767, 366,761841)
(646,854553, 366,732452)
(646,854553, 365,233124)
(646,854553, 364,777374)
(350,320160, 364,625153)
(539,257996, 364,625122)
(646,854553, 364,625122)
(793,187073, 364,625122)
(929,391357, 361,848663)
(350,320160, 360,402313)
(350,320160, 359,363647)
(350,320160, 358,107056)
(510,202179, 354,715057)
(510,202179, 354,278961)
(510,202179, 351,838074)
(510,202179, 351,773315)
(929,391357, 351,773285)
(929,391357, 351,577271)
(132,072861, 351,488403)
(184,020157, 351,488403)
(132,072861, 350,734802)
(184,020157, 350,734741)
(184,020157, 350,498688)
(510,202179, 350,498688)
(510,202179, 350,110962)
(929,391357, 347,767853)
(429,440552, 347,106964)
(929,391357, 347,106964)
(429,440552, 345,902710)
(86,688278, 344,507172)
(86,688278, 342,818268)
(86,688278, 339,031708)
(118,678627, 339,031708)
(105,250954, 336,985077)
(118,678627, 336,985077)
(86,688278, 333,798798)
(118,678627, 333,798798)
(356,360382, 333,798798)
(929,391357, 333,798828)
(356,360382, 333,633240)
(67,435501, 333,115662)
(118,678627, 333,115692)
(798,833740, 329,327759)
(118,678627, 329,291229)
(798,833740, 326,425812)
(771,338928, 324,851471)
(771,338928, 324,121796)
(771,338928, 320,761353)
(316,161621, 318,687317)
(67,435501, 318,370178)
(64,713959, 318,370148)
(316,161621, 318,281372)
(413,985565, 318,281372)
(771,338928, 318,281342)
(779,306641, 318,281342)
(18,949509, 316,928802)
(67,435501, 316,928802)
(64,713959, 316,928833)
(684,915955, 315,142090)
(771,338928, 315,142059)
(768,610779, 315,142059)
(184,180206, 315,025452)
(771,338928, 315,000366)
(768,610779, 315,000366)
(374,293396, 314,553497)
(67,435501, 312,560791)
(771,338928, 312,560791)
(768,610779, 312,560760)
(768,610779, 312,189972)
(768,610779, 311,476959)
(768,610779, 311,461700)
(768,610779, 311,460114)
(662,389954, 310,614532)
(662,389954, 307,974640)
(662,389954, 307,791290)
(662,389954, 307,341217)
(662,389954, 306,823395)
(662,389954, 306,815826)
(662,389954, 306,662354)
(662,389954, 306,087006)
(67,435501, 304,997467)
(210,531174, 304,027161)
(18,949509, 302,132568)
(67,435501, 302,132568)
(467,027618, 299,792603)
(467,027618, 298,224152)
(215,344131, 297,833527)
(369,303955, 297,833557)
(467,027618, 297,833557)
(215,344131, 297,657043)
(369,303955, 295,711975)
(67,435501, 295,538239)
(215,344131, 293,438690)
(327,932709, 293,438690)
(334,338776, 293,438721)
(369,303955, 293,438690)
(327,932709, 293,337982)
(334,338776, 293,338013)
(369,303955, 293,338013)
(327,932709, 292,799866)
(334,338776, 292,799866)
(369,303955, 292,799835)
(327,932709, 292,132233)
(334,338776, 292,132233)
(369,303955, 292,132233)
(775,495178, 292,132233)
(369,303955, 291,450562)
(327,932709, 290,837769)
(334,338776, 290,837799)
(593,997803, 288,884003)
(327,932709, 286,194153)
(334,338776, 286,194153)
(401,462433, 283,400146)
(67,435501, 283,105591)
(66,440582, 283,105621)
(78,768074, 283,105621)
(18,949509, 281,916107)
(720,331116, 280,135925)
(720,331116, 279,379303)
(591,668823, 273,285767)
(77,965080, 270,459229)
(77,965080, 269,893494)
(490,091278, 266,674744)
(173,767395, 264,776001)
(965,893250, 263,932220)
(965,893250, 262,893005)
(173,767395, 261,841309)
(383,748596, 260,102722)
(388,347687, 260,102692)
(383,748596, 259,096985)
(383,748596, 257,097778)
(760,743896, 249,318115)
(433,025421, 246,963272)
(343,135773, 241,111511)
(502,831818, 239,921448)
(881,110229, 239,726639)
(8,945107, 234,323456)
(13,791442, 234,323456)
(18,949509, 234,323471)
(18,949509, 232,049698)
(486,898376, 230,835159)
(754,132324, 222,675308)
(754,132324, 221,936996)
(364,546844, 221,212631)
(754,132324, 221,212631)
(147,918350, 221,156494)
(364,546844, 221,156494)
(364,546844, 220,718201)
(364,546844, 219,926239)
(754,132324, 219,926254)
(734,017700, 218,484665)
(734,017700, 218,011795)
(734,017700, 215,100418)
(364,546844, 214,460968)
(52,375675, 214,362823)
(364,546844, 214,362823)
(734,017700, 214,329468)
(364,546844, 214,166702)
(950,006836, 214,166718)
(18,949509, 213,390594)
(36,527752, 213,390579)
(364,546844, 213,390579)
(364,546844, 210,063690)
(364,546844, 209,518265)
(19,868256, 206,236969)
(424,511963, 204,976837)
(950,006836, 204,976852)
(987,445984, 204,976837)
(987,374878, 204,976837)
(526,979675, 198,719315)
(8,945107, 196,483871)
(13,791442, 196,483871)
(135,993240, 196,483871)
(475,883850, 195,829803)
(526,979675, 195,829803)
(545,046631, 195,829803)
(135,993240, 194,600220)
(135,993240, 194,589554)
(526,979675, 194,589539)
(545,046631, 194,589539)
(414,209351, 194,118286)
(526,979675, 193,370285)
(545,046631, 193,370285)
(727,950256, 192,229919)
(135,993240, 192,066254)
(545,046631, 192,066269)
(135,993240, 192,013153)
(135,993240, 191,102493)
(545,046631, 190,576797)
(545,046631, 189,725891)
(545,046631, 189,709641)
(545,046631, 186,660431)
(617,181335, 186,660446)
(160,735138, 185,364410)
(8,945107, 182,933151)
(950,006836, 182,933167)
(605,324280, 180,617874)
(950,006836, 180,617859)
(605,324280, 180,154068)
(8,945107, 179,844330)
(605,324280, 179,844315)
(605,324280, 177,325607)
(605,324280, 176,513565)
(677,927612, 176,294281)
(677,927612, 175,564041)
(677,927612, 174,677490)
(882,995056, 174,457153)
(8,945107, 168,522476)
(882,995056, 166,266800)
(885,828186, 154,930283)
(924,867615, 154,930298)
(288,468018, 154,658493)
(885,828186, 154,191162)
(924,867615, 154,191162)
(288,468018, 153,812866)
(64,502419, 152,970734)
(288,468018, 152,970749)
(618,425537, 152,970734)
(64,502419, 152,006195)
(150,758682, 152,006195)
(825,568420, 152,006195)
(885,828186, 152,006210)
(825,568420, 151,334641)
(64,502419, 151,272415)
(64,502419, 145,147202)
(733,213562, 144,183502)
(733,213562, 144,039383)
(733,213562, 143,746780)
(733,213562, 142,084457)
(733,213562, 141,932068)
(733,213562, 141,694183)
(64,502419, 140,909790)
(733,213562, 139,844116)
(733,213562, 139,608215)
(987,445984, 139,608215)
(987,374878, 139,608215)
(116,891144, 136,477661)
(24,508835, 135,056671)
(195,449112, 132,226532)
(24,508835, 130,639847)
(805,266357, 129,158813)
(125,613808, 127,474724)
(746,837341, 126,864792)
(805,266357, 126,864792)
(746,837341, 125,961441)
(805,266357, 125,961433)
(746,837341, 125,326286)
(24,508835, 119,880219)
(200,306717, 119,880219)
(694,213806, 107,423454)
(794,977478, 102,871361)
(101,514160, 96,925972)
(794,977478, 96,925980)
(987,445984, 96,803780)
(987,374878, 96,803787)
(794,977478, 96,344353)
(101,514160, 95,506439)
(101,514160, 92,337784)
(307,125214, 89,746597)
(307,125214, 87,990997)
(101,514160, 86,230927)
(929,271545, 85,964203)
(929,271545, 77,727364)
(929,271545, 77,154327)
(929,271545, 77,111717)
(523,714294, 70,196930)
(757,224426, 56,410252)
(757,224426, 55,862129)
(216,981705, 53,105408)
(216,981705, 52,944183)
(35,085739, 50,331528)
(124,052521, 50,331532)
(35,085739, 45,819698)
(987,445984, 35,470432)
(987,374878, 35,470428)
(987,374878, 29,340212)
(523,352539, 25,765417)
(523,352539, 25,153933)
(523,352539, 24,843929)
(523,352539, 23,141205)
(963,101563, 23,141205)
(523,352539, 22,254290)
(523,352539, 20,520330)
(523,352539, 20,478903)


Statistics:
Time = 2824 ms
Sort Operations = 117
No Sort Operations = 30
Number of Intersections = 2256