N = 2048

Intersection points:
(627,744873, 994,890686)
(685,509705, 994,890686)
(719,661438, 994,890686)
(774,218079, 994,890686)
(846,100891, 994,890686)
(682,391418, 990,079834)
(740,155334, 990,079712)
(336,874603, 988,132813)
(369,057068, 988,132874)
(417,957550, 988,132751)
(418,064056, 988,132813)
(336,874603, 985,040955)
(392,225677, 985,040955)
(417,957550, 985,040955)
(418,064056, 985,041016)
(427,948639, 985,041016)
(417,957550, 984,859802)
(427,948639, 984,859802)
(740,155334, 984,859802)
(832,562256, 984,859802)
(842,736755, 984,859802)
(925,654785, 984,859802)
(336,874603, 983,984741)
(392,225677, 983,984802)
(427,948639, 983,984802)
(842,736755, 980,246826)
(435,050537, 976,769775)
(453,931091, 976,769775)
(472,974121, 976,769775)
(763,505127, 974,070251)
(770,135315, 974,070313)
(392,225677, 973,419250)
(390,772095, 973,419250)
(435,050537, 973,419250)
(453,931091, 973,419312)
(472,974121, 973,419312)
(252,944641, 970,498352)
(303,424713, 970,498352)
(346,134186, 970,498413)
(392,225677, 970,498352)
(682,458191, 968,380798)
(763,505127, 968,380798)
(842,736755, 968,380859)
(872,293640, 968,380798)
(252,944641, 962,933777)
(303,424713, 962,933838)
(322,163574, 962,933777)
(392,225677, 962,933716)
(453,931091, 962,933777)
(472,974121, 962,933777)
(512,296997, 962,933777)
(524,732361, 962,933716)
(654,645691, 962,933777)
(663,700073, 962,933777)
(682,458191, 962,933838)
(524,732361, 961,348145)
(551,449463, 961,348267)
(654,645691, 961,348206)
(663,700073, 961,348206)
(682,458191, 961,348267)
(796,159058, 961,348206)
(918,046082, 961,348206)
(925,654785, 961,348328)
(931,135071, 961,348206)
(958,403992, 961,348267)
(303,424713, 960,017761)
(322,163574, 960,017822)
(453,931091, 960,017761)
(524,732361, 960,017761)
(542,610718, 960,017822)
(551,449463, 960,017822)
(599,484802, 960,017761)
(654,645691, 960,017761)
(663,700073, 960,017822)
(768,923950, 960,017822)
(925,654785, 960,017761)
(931,135071, 960,017822)
(40,165245, 958,452515)
(48,853397, 958,452454)
(71,685966, 958,452515)
(97,845909, 958,452515)
(252,944641, 954,766174)
(303,424713, 954,766174)
(306,811340, 954,766174)
(322,163574, 954,766113)
(524,732361, 954,766113)
(542,610718, 954,766113)
(551,449463, 954,766113)
(663,700073, 954,766113)
(681,598999, 954,766113)
(728,732788, 954,766113)
(738,349792, 954,766052)
(768,923950, 954,766113)
(542,610718, 952,096802)
(551,449463, 952,096863)
(663,700073, 952,096802)
(738,349792, 952,096802)
(850,534607, 952,096802)
(869,735413, 952,096741)
(931,135071, 952,096802)
(850,534607, 951,285889)
(869,735413, 951,285950)
(931,135071, 951,285950)
(222,458832, 950,845337)
(252,944641, 950,845276)
(303,424713, 950,845276)
(306,811340, 950,845337)
(534,502808, 944,285767)
(542,610718, 944,285706)
(588,306152, 944,285767)
(595,753174, 944,285706)
(663,700073, 944,285828)
(738,349792, 944,285706)
(789,380737, 944,285706)
(850,534607, 944,285706)
(875,079712, 944,285706)
(931,135071, 944,285706)
(949,473572, 944,285767)
(789,380737, 942,658020)
(349,474243, 942,330994)
(406,974670, 942,330994)
(463,843689, 942,331055)
(534,502808, 942,331055)
(542,610718, 942,330994)
(663,700073, 942,331055)
(738,349792, 942,331055)
(789,380737, 942,330994)
(931,135071, 942,330994)
(949,473572, 942,330994)
(981,776001, 942,331055)
(663,700073, 941,785706)
(789,380737, 941,785767)
(406,974670, 941,356628)
(789,380737, 941,065552)
(252,944641, 938,787415)
(303,424713, 938,787476)
(306,811340, 938,787537)
(406,974670, 938,787415)
(542,610718, 938,787476)
(663,700073, 938,787476)
(154,608078, 936,262207)
(222,458832, 936,262268)
(252,944641, 936,262268)
(303,424713, 936,262268)
(347,093994, 936,262268)
(406,974670, 936,262207)
(542,610718, 936,262207)
(649,006226, 936,262268)
(663,700073, 936,262268)
(874,803345, 936,262268)
(907,480164, 936,262207)
(907,136963, 936,262268)
(32,395958, 936,014282)
(40,165245, 936,014221)
(48,853397, 936,014282)
(49,653770, 936,014282)
(48,176170, 936,014343)
(61,056553, 936,014282)
(71,685966, 936,014282)
(71,391884, 936,014282)
(70,894180, 936,014221)
(75,459602, 936,014343)
(84,244247, 936,014282)
(103,644905, 936,014282)
(115,604637, 936,014282)
(130,226608, 936,014343)
(129,674316, 936,014343)
(154,608078, 936,014282)
(222,458832, 936,014282)
(303,424713, 936,014282)
(347,093994, 936,014282)
(406,974670, 936,014282)
(649,006226, 936,014221)
(874,803345, 936,014282)
(71,685966, 926,031067)
(70,894180, 926,031128)
(84,244247, 926,031128)
(103,644905, 926,031128)
(115,604637, 926,031067)
(130,226608, 926,031006)
(154,608078, 926,031067)
(236,406921, 926,031067)
(247,999191, 926,031067)
(261,948517, 926,031128)
(259,585510, 926,031067)
(280,562408, 926,031128)
(303,424713, 926,031067)
(301,127258, 926,031006)
(347,093994, 926,031006)
(518,192688, 926,031128)
(520,788391, 926,031067)
(544,503906, 926,031067)
(600,793396, 926,031128)
(686,694336, 926,031067)
(837,151733, 926,031067)
(874,803345, 926,031067)
(907,480164, 926,031067)
(479,537201, 924,771179)
(518,192688, 924,771179)
(520,788391, 924,771118)
(544,503906, 924,771118)
(600,793396, 924,771179)
(686,694336, 924,771057)
(837,151733, 924,771118)
(843,695251, 924,771118)
(303,424713, 924,675537)
(301,127258, 924,675598)
(347,093994, 924,675598)
(518,192688, 924,675598)
(520,788391, 924,675537)
(600,793396, 924,675598)
(686,694336, 924,675537)
(837,151733, 924,675537)
(874,803345, 924,675598)
(600,793396, 924,293274)
(303,424713, 918,906494)
(347,093994, 918,906555)
(518,192688, 918,906494)
(548,684021, 918,906433)
(600,793396, 918,906494)
(662,821167, 918,906494)
(497,921631, 914,424866)
(518,192688, 914,424927)
(548,684021, 914,424866)
(600,793396, 914,424866)
(600,901733, 914,424927)
(662,821167, 914,424866)
(837,151733, 914,424927)
(874,803345, 914,424927)
(944,282288, 914,424866)
(965,087769, 914,424927)
(981,776001, 914,424927)
(16,290367, 911,523926)
(21,761299, 911,523926)
(27,454735, 911,523926)
(32,395958, 911,523926)
(48,853397, 911,523926)
(61,056553, 911,523987)
(71,685966, 911,523926)
(70,894180, 911,523926)
(103,644905, 911,523926)
(115,604637, 911,523926)
(497,921631, 911,523926)
(518,192688, 909,884399)
(100,830612, 905,732788)
(259,741119, 905,732727)
(298,308960, 905,732727)
(482,920776, 897,862427)
(485,235046, 897,862366)
(518,192688, 897,862366)
(71,685966, 897,803650)
(70,894180, 897,803711)
(73,924240, 897,803650)
(518,192688, 897,803589)
(548,684021, 897,803650)
(574,735413, 897,803650)
(578,362793, 897,803650)
(600,793396, 897,803650)
(600,901733, 897,803650)
(652,428040, 897,803650)
(548,684021, 897,005432)
(578,362793, 897,005493)
(600,901733, 897,005432)
(652,428040, 897,005493)
(820,349731, 897,005432)
(837,151733, 897,005432)
(874,803345, 897,005432)
(518,192688, 896,603271)
(548,684021, 896,603271)
(578,362793, 896,603271)
(518,192688, 890,944824)
(532,740112, 890,944763)
(548,684021, 890,944702)
(578,362793, 890,944763)
(603,984009, 890,944763)
(133,603333, 890,513000)
(263,114685, 890,513123)
(351,606537, 890,513123)
(518,192688, 890,513062)
(548,684021, 890,513062)
(133,603333, 889,586182)
(226,444244, 889,586121)
(351,606537, 889,510193)
(518,192688, 889,510193)
(226,444244, 888,917908)
(518,192688, 888,917908)
(548,684021, 888,917908)
(578,362793, 888,917908)
(603,984009, 888,917908)
(761,807312, 888,917908)
(27,454735, 884,177002)
(32,395958, 884,177002)
(36,206902, 884,176941)
(48,853397, 884,176941)
(71,685966, 884,176941)
(122,291687, 884,176941)
(226,444244, 884,176941)
(301,925049, 884,176941)
(312,299835, 884,176941)
(342,978424, 884,177002)
(515,131897, 884,131348)
(518,192688, 884,131409)
(546,320251, 884,131287)
(548,684021, 884,131348)
(563,754456, 884,131348)
(578,362793, 884,131348)
(603,984009, 884,131287)
(756,733887, 884,131348)
(515,131897, 882,513916)
(518,192688, 882,513916)
(546,320251, 882,513916)
(548,684021, 882,513916)
(563,754456, 882,513855)
(578,362793, 882,513855)
(603,984009, 882,513916)
(662,568115, 882,513916)
(756,733887, 882,513916)
(788,896362, 882,513916)
(211,531464, 881,330261)
(226,444244, 881,330200)
(301,925049, 881,330261)
(320,752747, 881,330261)
(301,925049, 879,371887)
(515,131897, 879,371887)
(518,192688, 879,371826)
(548,684021, 879,371826)
(550,086609, 879,371887)
(662,568115, 879,371826)
(518,192688, 877,192993)
(548,684021, 877,192993)
(854,724915, 877,193054)
(874,803345, 877,192993)
(518,192688, 877,130798)
(548,684021, 877,130737)
(874,803345, 877,130859)
(898,501465, 877,130798)
(548,684021, 874,543457)
(471,890503, 873,756653)
(136,163589, 871,154053)
(179,007767, 871,154053)
(211,531464, 871,154053)
(226,444244, 871,154053)
(240,825409, 871,153992)
(275,478058, 871,154053)
(301,925049, 871,153992)
(427,778778, 871,153992)
(505,145844, 871,154053)
(518,192688, 871,154053)
(548,684021, 871,154053)
(596,100342, 871,154053)
(211,531464, 867,763489)
(240,825409, 867,763489)
(251,272263, 867,763550)
(275,478058, 867,763489)
(301,925049, 867,763550)
(427,778778, 867,763550)
(518,192688, 867,763489)
(518,231201, 867,763489)
(548,684021, 867,763550)
(552,108948, 867,763489)
(399,413574, 866,114258)
(427,778778, 866,114197)
(518,192688, 866,114197)
(548,684021, 866,114197)
(552,108948, 866,114197)
(71,685966, 866,104431)
(110,158386, 866,104431)
(122,291687, 866,104431)
(136,163589, 866,104431)
(140,591797, 866,104431)
(211,531464, 866,104370)
(240,825409, 866,104492)
(251,272263, 866,104492)
(275,478058, 866,104431)
(301,925049, 866,104431)
(211,531464, 866,020569)
(240,825409, 866,020569)
(251,272263, 866,020508)
(275,478058, 866,020508)
(301,925049, 866,020569)
(399,413574, 866,020508)
(427,778778, 866,020569)
(136,163589, 862,796753)
(211,531464, 862,796753)
(240,825409, 862,796753)
(251,272263, 862,796753)
(275,478058, 862,796692)
(399,413574, 862,796692)
(518,192688, 862,796753)
(548,684021, 862,796753)
(518,192688, 861,789368)
(548,684021, 861,789429)
(874,803345, 861,789429)
(879,076111, 861,789429)
(910,240845, 861,789368)
(68,860229, 851,713745)
(71,685966, 851,713745)
(110,158386, 851,713806)
(805,770630, 847,336365)
(475,643585, 846,453369)
(510,192261, 846,453369)
(518,192688, 846,453308)
(548,684021, 846,453369)
(593,885010, 846,453308)
(625,958679, 846,453308)
(700,269348, 846,453369)
(714,686646, 846,453308)
(805,770630, 846,453308)
(930,199036, 846,453308)
(931,516174, 846,453308)
(944,282288, 846,453369)
(942,868286, 846,453369)
(948,099304, 846,453308)
(981,776001, 846,453369)
(194,519455, 845,151550)
(245,226868, 845,151489)
(270,966400, 845,151489)
(296,723907, 845,151428)
(309,270905, 845,151428)
(450,320953, 845,151428)
(475,643585, 845,151428)
(510,192261, 845,151489)
(518,192688, 845,151489)
(488,801544, 844,934570)
(510,192261, 844,934570)
(518,192688, 844,934631)
(548,684021, 844,934570)
(593,885010, 844,934631)
(625,958679, 844,934570)
(700,269348, 844,934631)
(245,226868, 842,612976)
(270,966400, 842,612915)
(296,723907, 842,612915)
(309,270905, 842,612976)
(488,801544, 842,612976)
(510,192261, 842,612976)
(518,192688, 842,612915)
(593,885010, 842,612976)
(625,958679, 842,612976)
(110,158386, 839,891357)
(132,412308, 839,891296)
(137,916153, 839,891357)
(149,909317, 839,891296)
(158,845062, 839,891418)
(245,226868, 839,891296)
(270,966400, 839,891357)
(309,270905, 839,891296)
(488,801544, 839,891357)
(518,192688, 839,891296)
(593,885010, 839,891357)
(805,770630, 839,891357)
(931,516174, 839,891296)
(944,282288, 839,891296)
(16,290367, 838,975586)
(17,991722, 838,975464)
(22,888243, 838,975525)
(27,454735, 838,975525)
(32,395958, 838,975525)
(36,206902, 838,975586)
(35,785854, 838,975525)
(49,192844, 838,975586)
(53,224682, 838,975525)
(68,860229, 838,975525)
(71,685966, 838,975464)
(84,181007, 838,975525)
(245,226868, 836,500732)
(309,270905, 835,244385)
(488,801544, 835,244324)
(518,192688, 835,244385)
(593,885010, 835,244324)
(71,685966, 834,966797)
(84,181007, 834,966858)
(137,916153, 834,966858)
(149,909317, 834,966858)
(181,941742, 834,966858)
(270,966400, 834,966797)
(68,860229, 833,976624)
(67,658127, 833,976624)
(71,685966, 833,976563)
(137,916153, 833,976624)
(149,909317, 833,976624)
(181,941742, 833,976624)
(270,966400, 833,976563)
(488,801544, 833,976624)
(518,192688, 833,976624)
(593,885010, 833,976563)
(638,336731, 833,976624)
(851,264587, 833,976624)
(925,268738, 833,976685)
(851,264587, 832,438660)
(71,685966, 828,984375)
(137,916153, 828,984375)
(138,932648, 828,984375)
(149,909317, 828,984314)
(181,941742, 828,984375)
(68,860229, 827,073120)
(149,909317, 827,073059)
(181,941742, 827,073059)
(392,898376, 827,073059)
(851,264587, 826,954651)
(944,282288, 826,954712)
(948,099304, 826,954651)
(488,801544, 825,282043)
(518,192688, 825,282104)
(593,885010, 825,282104)
(948,099304, 825,282043)
(518,192688, 823,810608)
(593,885010, 823,810669)
(518,192688, 823,592651)
(593,885010, 823,592651)
(149,909317, 822,201965)
(17,991722, 819,033203)
(27,454735, 819,033264)
(36,206902, 819,033264)
(35,785854, 819,033264)
(49,192844, 819,033264)
(68,860229, 819,033264)
(98,385216, 819,033203)
(137,458923, 819,033264)
(149,909317, 819,033264)
(181,941742, 819,033264)
(365,428497, 819,033264)
(98,385216, 817,966980)
(137,458923, 817,966980)
(149,909317, 817,967041)
(310,840607, 816,610718)
(365,428497, 816,610718)
(518,192688, 816,610779)
(593,885010, 816,610718)
(695,655090, 816,610718)
(771,531616, 816,610657)
(695,655090, 816,090576)
(310,840607, 814,807312)
(365,428497, 814,807312)
(593,885010, 814,807312)
(49,192844, 811,175781)
(50,224304, 811,175781)
(68,860229, 811,175781)
(129,432266, 811,175720)
(149,909317, 811,175720)
(203,062836, 811,175781)
(310,840607, 811,175720)
(593,885010, 811,175781)
(720,513245, 811,175720)
(203,062836, 810,034973)
(310,840607, 810,034973)
(641,252258, 810,034973)
(720,513245, 810,035034)
(720,513245, 809,986511)
(129,432266, 801,392700)
(203,062836, 801,392700)
(275,312317, 801,392639)
(335,911743, 801,392639)
(129,432266, 799,831299)
(203,062836, 799,831421)
(275,312317, 799,831421)
(196,826874, 798,329834)
(275,312317, 798,329773)
(196,826874, 798,170654)
(275,312317, 798,170593)
(720,513245, 794,532349)
(722,998352, 794,532288)
(759,947937, 794,532349)
(768,230042, 794,532288)
(775,160706, 794,532288)
(783,382202, 794,532349)
(768,230042, 793,194519)
(775,160706, 793,194580)
(783,382202, 793,194580)
(873,242676, 793,194580)
(957,223816, 793,194519)
(17,991722, 793,121948)
(25,653542, 793,121948)
(35,785854, 793,121948)
(35,193802, 793,122009)
(49,192844, 793,122009)
(68,860229, 793,122009)
(129,432266, 793,121948)
(196,826874, 793,121948)
(265,414429, 791,352112)
(290,409210, 791,352051)
(452,047821, 791,352051)
(290,409210, 787,541382)
(452,047821, 787,541382)
(613,423767, 784,349121)
(720,513245, 784,349182)
(722,998352, 784,349121)
(754,206787, 784,349182)
(196,826874, 782,459900)
(265,414429, 782,459900)
(261,450287, 782,459900)
(290,409210, 782,459839)
(367,821228, 782,459900)
(593,643921, 782,459900)
(720,513245, 782,459839)
(722,998352, 782,459900)
(754,206787, 782,459839)
(775,160706, 782,459900)
(722,998352, 777,179749)
(754,206787, 777,179749)
(775,160706, 777,179749)
(593,643921, 775,427307)
(722,998352, 775,427307)
(721,364441, 775,427307)
(754,206787, 775,427246)
(775,160706, 775,427307)
(821,962585, 775,427307)
(265,414429, 772,715149)
(290,409210, 772,715027)
(335,932800, 772,715027)
(381,532074, 772,715027)
(25,653542, 770,140503)
(35,785854, 770,140564)
(35,193802, 770,140625)
(49,192844, 770,140564)
(68,860229, 770,140564)
(106,545212, 770,140564)
(144,675735, 770,140625)
(196,826874, 770,140564)
(265,414429, 770,140564)
(290,409210, 770,140625)
(335,932800, 770,140564)
(381,532074, 770,140564)
(390,596039, 770,140564)
(519,897827, 770,140564)
(520,530273, 770,140564)
(722,998352, 770,140564)
(721,364441, 770,140564)
(775,160706, 770,140564)
(821,962585, 770,140564)
(519,897827, 764,713013)
(520,530273, 764,713074)
(722,998352, 764,713074)
(721,364441, 764,713074)
(25,653542, 764,304321)
(35,193802, 764,304321)
(49,192844, 764,304321)
(68,860229, 764,304321)
(106,545212, 764,304321)
(144,675735, 764,304321)
(265,414429, 764,304321)
(290,409210, 764,304321)
(335,932800, 764,304382)
(372,635956, 764,304260)
(381,532074, 764,304321)
(390,596039, 764,304321)
(519,897827, 764,304321)
(520,530273, 764,304321)
(722,998352, 764,304321)
(721,364441, 764,304321)
(265,414429, 760,448608)
(290,409210, 760,448669)
(335,932800, 760,448669)
(381,532074, 760,448608)
(390,596039, 760,448608)
(417,932098, 760,448608)
(435,529175, 760,448547)
(467,525238, 760,448730)
(519,897827, 760,448608)
(520,530273, 760,448669)
(523,485901, 760,448608)
(646,969421, 760,448669)
(721,364441, 760,448608)
(821,962585, 760,448608)
(843,035095, 760,448669)
(861,495972, 760,448608)
(876,751709, 760,448547)
(646,969421, 759,989990)
(68,860229, 759,408630)
(144,675735, 759,408630)
(265,414429, 759,408630)
(290,409210, 759,408630)
(335,932800, 759,408630)
(417,932098, 759,408691)
(435,529175, 759,408630)
(520,530273, 759,408630)
(523,485901, 759,408630)
(646,969421, 759,408691)
(202,932602, 757,966248)
(250,944321, 757,966309)
(290,409210, 757,966309)
(335,932800, 757,966309)
(520,530273, 757,966309)
(523,485901, 757,966309)
(12,697935, 757,094910)
(13,042986, 757,094971)
(15,401066, 757,094910)
(17,148136, 757,094971)
(25,653542, 757,094910)
(49,192844, 757,094910)
(202,932602, 757,094910)
(290,409210, 757,094910)
(335,932800, 757,094910)
(520,530273, 757,094910)
(523,485901, 757,094910)
(566,205200, 757,094971)
(646,969421, 757,094910)
(375,212799, 755,047485)
(520,530273, 754,455017)
(523,485901, 754,455017)
(520,530273, 753,281433)
(523,485901, 753,281433)
(566,205200, 753,281372)
(573,150391, 753,281372)
(603,352295, 753,281372)
(646,969421, 753,281372)
(642,059204, 753,281433)
(290,409210, 753,178467)
(335,932800, 753,178467)
(375,212799, 753,178406)
(520,530273, 753,178467)
(523,485901, 753,178467)
(566,205200, 753,178406)
(573,150391, 753,178467)
(603,352295, 753,178406)
(646,969421, 753,178528)
(861,495972, 753,178467)
(957,223816, 753,178467)
(523,485901, 751,828430)
(573,150391, 751,828430)
(603,352295, 751,828491)
(646,969421, 751,828491)
(192,809113, 749,845581)
(194,627945, 749,845581)
(263,355438, 749,845581)
(290,409210, 749,845520)
(335,932800, 749,845520)
(523,485901, 749,845459)
(263,355438, 748,213806)
(290,409210, 748,213867)
(472,517670, 748,213806)
(263,355438, 747,708923)
(290,409210, 747,708862)
(472,517670, 747,708862)
(523,485901, 747,708923)
(573,150391, 747,708923)
(603,352295, 747,708923)
(646,969421, 747,708923)
(861,495972, 747,708862)
(957,223816, 747,708862)
(290,409210, 744,127319)
(462,921143, 744,127319)
(472,517670, 744,127319)
(462,921143, 744,084839)
(523,485901, 744,084839)
(573,150391, 744,084839)
(175,112839, 740,950256)
(251,865631, 740,950195)
(290,409210, 740,950256)
(573,150391, 740,950256)
(640,530701, 740,950317)
(646,969421, 740,950256)
(696,329102, 740,950256)
(728,780090, 740,950256)
(290,409210, 740,723083)
(640,530701, 740,723022)
(646,969421, 740,723083)
(251,865631, 739,178345)
(252,247925, 739,178345)
(290,409210, 739,178406)
(646,969421, 739,178406)
(833,390503, 739,178345)
(861,495972, 739,178345)
(881,775330, 739,178345)
(933,515198, 739,178345)
(981,776001, 739,178345)
(988,766846, 739,178345)
(110,652145, 724,950073)
(251,865631, 724,950073)
(290,409210, 724,950073)
(309,588562, 724,950073)
(428,681183, 724,950073)
(692,485779, 724,950012)
(708,165710, 724,950073)
(833,390503, 724,950012)
(841,259094, 724,950073)
(861,495972, 724,950012)
(881,775330, 724,950073)
(708,165710, 724,928162)
(833,390503, 724,928223)
(861,495972, 724,928223)
(881,775330, 724,928162)
(917,179321, 724,928223)
(428,681183, 723,783020)
(708,165710, 723,783020)
(708,165710, 723,099182)
(165,470963, 715,377136)
(311,704651, 715,377075)
(690,967346, 715,377136)
(311,704651, 714,239929)
(690,967346, 714,239929)
(262,419220, 709,411865)
(383,155457, 709,411926)
(520,932983, 709,411926)
(42,080818, 709,408325)
(113,052193, 709,408386)
(165,470963, 709,408325)
(383,155457, 709,408386)
(520,932983, 709,408386)
(589,022949, 708,369324)
(587,818970, 708,369324)
(165,470963, 707,807373)
(421,731720, 702,599304)
(414,939636, 702,599304)
(520,932983, 702,599304)
(587,818970, 702,599365)
(641,773438, 702,599304)
(679,146851, 702,599304)
(690,967346, 702,599304)
(520,932983, 700,971191)
(587,818970, 700,971191)
(690,967346, 700,971191)
(896,851990, 700,971191)
(904,676147, 700,971191)
(93,309578, 690,460876)
(113,052193, 690,460815)
(165,470963, 690,460815)
(348,021973, 687,360107)
(348,301941, 687,360107)
(414,939636, 687,360107)
(520,932983, 687,360046)
(587,818970, 687,360107)
(260,973389, 682,485413)
(348,301941, 682,485352)
(42,080818, 675,573303)
(39,340137, 675,573303)
(113,052193, 675,573303)
(131,405289, 675,573364)
(260,973389, 675,573303)
(520,932983, 675,573303)
(587,818970, 675,573303)
(667,960022, 675,573303)
(747,419861, 675,573303)
(748,171997, 675,573303)
(260,973389, 672,480164)
(747,419861, 666,929443)
(747,632690, 666,929321)
(25,653542, 665,310669)
(61,886669, 665,310669)
(131,405289, 665,310669)
(260,973389, 665,310608)
(287,340881, 665,310669)
(587,818970, 665,310608)
(667,960022, 665,310608)
(747,419861, 665,310669)
(747,632690, 665,310608)
(587,818970, 662,888794)
(667,960022, 662,888794)
(747,419861, 662,888794)
(771,585022, 662,888794)
(826,070007, 662,888733)
(836,062378, 662,888794)
(904,676147, 662,279358)
(17,148136, 662,096741)
(68,223595, 656,456421)
(131,405289, 656,456421)
(247,967178, 656,456421)
(260,973389, 656,456421)
(287,340881, 656,456360)
(315,364136, 656,456421)
(558,048584, 656,456360)
(587,818970, 656,456360)
(633,807312, 656,456421)
(647,190063, 656,456360)
(649,278748, 656,456360)
(667,960022, 656,456360)
(904,676147, 656,456421)
(908,608154, 656,456360)
(247,967178, 653,245361)
(558,048584, 653,108337)
(587,818970, 653,108337)
(647,190063, 653,108398)
(649,278748, 653,108398)
(647,190063, 649,797546)
(649,278748, 649,797485)
(666,050354, 649,797485)
(647,190063, 648,617432)
(649,278748, 648,617432)
(666,050354, 648,617432)
(287,340881, 647,435425)
(297,181915, 647,435486)
(315,364136, 647,435425)
(525,881287, 645,933533)
(647,190063, 645,933533)
(666,050354, 645,933411)
(315,364136, 641,231567)
(344,494873, 641,231506)
(525,881287, 641,231567)
(639,486145, 641,231567)
(647,190063, 641,231567)
(68,223595, 638,200256)
(131,405289, 638,200256)
(147,234680, 638,200256)
(257,158173, 638,200256)
(256,921295, 638,200317)
(525,881287, 638,200256)
(647,190063, 638,200256)
(573,483093, 631,483398)
(573,483093, 630,125183)
(628,560364, 630,125183)
(716,593933, 630,125244)
(750,793701, 630,125244)
(924,219971, 630,125244)
(341,887604, 627,944641)
(525,881287, 627,944641)
(573,483093, 627,944641)
(643,824585, 627,944641)
(716,593933, 627,944702)
(573,483093, 624,753601)
(586,656616, 624,753601)
(643,824585, 624,753662)
(716,593933, 624,753662)
(392,707581, 620,086426)
(525,881287, 620,086426)
(573,483093, 620,086426)
(703,750061, 620,086426)
(716,593933, 620,086426)
(922,845947, 620,086426)
(637,094055, 617,270447)
(525,881287, 615,553467)
(637,094055, 615,553467)
(703,750061, 615,553467)
(735,223755, 615,553467)
(743,602478, 615,553467)
(767,177979, 615,553406)
(922,845947, 615,553467)
(32,610477, 613,370911)
(47,096550, 613,370972)
(68,223595, 613,370911)
(131,405289, 613,370911)
(157,886200, 613,370972)
(757,771301, 610,095703)
(767,177979, 610,095703)
(157,886200, 606,023132)
(208,300110, 606,023132)
(256,921295, 606,023071)
(271,138245, 606,023132)
(392,707581, 606,023132)
(547,299438, 606,023071)
(637,094055, 606,023132)
(271,138245, 605,950562)
(392,707581, 605,950562)
(840,320862, 605,950562)
(922,845947, 605,950562)
(157,886200, 605,789917)
(271,138245, 605,789856)
(32,610477, 602,903381)
(68,223595, 602,903442)
(131,405289, 602,903442)
(68,223595, 599,110535)
(131,405289, 599,110535)
(138,807831, 599,110474)
(271,138245, 599,110474)
(312,155426, 599,110474)
(376,385498, 599,110535)
(271,138245, 598,994385)
(376,385498, 598,994385)
(138,807831, 596,783325)
(271,138245, 596,783386)
(376,385498, 596,783325)
(376,385498, 586,826477)
(547,687256, 586,826416)
(131,405289, 585,194275)
(138,807831, 585,194275)
(271,138245, 585,194275)
(285,414581, 585,194275)
(325,732574, 585,194275)
(349,781586, 585,194275)
(379,264343, 585,194275)
(547,687256, 585,194275)
(579,466431, 585,194275)
(922,845947, 584,316040)
(271,138245, 583,613037)
(285,414581, 583,613037)
(349,781586, 583,612976)
(547,687256, 583,613037)
(579,466431, 583,613037)
(589,672424, 583,613037)
(677,964539, 583,613037)
(677,964539, 583,325684)
(285,414581, 582,516357)
(547,687256, 581,583923)
(579,466431, 581,583984)
(589,672424, 581,583923)
(677,964539, 581,583923)
(131,405289, 580,857971)
(138,807831, 580,857971)
(285,414581, 580,857971)
(285,414581, 580,250732)
(547,687256, 580,250671)
(589,672424, 580,250732)
(677,964539, 580,250732)
(285,414581, 579,440186)
(589,672424, 572,922058)
(634,278809, 572,922119)
(716,647095, 572,922058)
(186,398865, 572,005066)
(357,320374, 572,005066)
(404,300812, 572,005127)
(98,547874, 571,844055)
(131,405289, 571,844055)
(168,676910, 571,844116)
(186,398865, 571,844055)
(634,278809, 566,037231)
(263,075409, 564,712524)
(357,320374, 561,884216)
(378,727783, 561,884155)
(431,096069, 561,884216)
(589,672424, 561,884216)
(848,668945, 561,884155)
(914,749451, 561,884216)
(589,672424, 561,838867)
(131,405289, 560,326477)
(168,676910, 560,326538)
(378,727783, 559,889648)
(263,075409, 555,015259)
(286,315552, 555,015259)
(378,727783, 555,015259)
(589,672424, 555,015259)
(629,798767, 555,015259)
(589,672424, 554,961365)
(754,223572, 554,961365)
(98,547874, 554,936340)
(94,190125, 554,936340)
(131,405289, 554,936340)
(186,398865, 554,936340)
(263,075409, 554,936340)
(286,315552, 554,936340)
(98,547874, 554,838257)
(94,190125, 554,838257)
(131,405289, 554,838257)
(186,398865, 554,838257)
(263,075409, 554,838257)
(463,949493, 554,838257)
(754,223572, 553,868774)
(131,405289, 552,107483)
(263,075409, 552,107483)
(463,949493, 552,107422)
(488,861328, 552,107483)
(754,223572, 552,107483)
(776,164673, 552,107422)
(848,668945, 552,107422)
(463,949493, 550,808167)
(463,949493, 549,712463)
(754,223572, 546,786804)
(791,622498, 546,786804)
(131,405289, 543,612671)
(131,405289, 542,764038)
(727,000610, 541,299805)
(734,097595, 541,299744)
(754,223572, 541,299744)
(846,567688, 541,299744)
(876,632935, 541,299744)
(892,370728, 541,299744)
(913,543945, 541,299744)
(192,557449, 536,838745)
(581,247986, 536,481323)
(623,128235, 536,481262)
(581,247986, 532,895569)
(623,128235, 532,895569)
(727,000610, 532,895508)
(734,097595, 532,895508)
(754,223572, 532,895508)
(572,627014, 530,000061)
(581,247986, 530,000061)
(727,000610, 528,758057)
(734,097595, 528,758118)
(623,128235, 524,985352)
(635,748169, 524,985413)
(734,097595, 524,985413)
(846,567688, 524,985413)
(892,370728, 524,985413)
(913,543945, 524,985352)
(572,627014, 520,712280)
(581,247986, 520,712341)
(582,127869, 520,712341)
(623,128235, 520,712341)
(734,097595, 520,712341)
(269,054352, 516,211182)
(581,247986, 516,211243)
(734,097595, 516,211182)
(892,370728, 516,211182)
(269,054352, 512,681091)
(315,754547, 512,681091)
(317,384674, 512,681152)
(442,588165, 512,681091)
(541,057739, 512,681091)
(734,097595, 512,681091)
(892,370728, 512,681091)
(913,543945, 512,681152)
(50,857185, 510,273590)
(269,054352, 507,107422)
(315,754547, 507,107391)
(23,525238, 506,562775)
(315,754547, 490,064850)
(321,956146, 490,064880)
(385,861694, 490,064880)
(442,588165, 490,064880)
(552,225403, 490,064850)
(633,279419, 490,064850)
(669,883118, 490,064850)
(690,344360, 490,064819)
(734,097595, 490,064850)
(552,225403, 488,693634)
(690,344360, 488,693665)
(734,097595, 488,693634)
(866,054321, 488,693665)
(385,861694, 487,712189)
(552,225403, 487,712219)
(79,295937, 487,441284)
(160,686371, 487,441254)
(182,009705, 487,441284)
(197,891586, 487,441284)
(202,240524, 487,441254)
(269,054352, 487,441284)
(290,366760, 487,441254)
(315,754547, 487,441284)
(321,956146, 487,441284)
(385,861694, 487,441284)
(385,861694, 486,841980)
(552,225403, 486,842010)
(690,344360, 486,841980)
(734,097595, 486,841949)
(385,861694, 483,704468)
(552,225403, 483,704468)
(734,097595, 483,704437)
(160,686371, 481,255890)
(197,891586, 481,255890)
(269,054352, 481,255920)
(315,754547, 481,255920)
(385,861694, 481,255890)
(197,891586, 480,570374)
(734,097595, 480,295441)
(892,370728, 480,295471)
(913,543945, 480,295471)
(958,515259, 480,295471)
(385,861694, 478,006592)
(552,225403, 478,006531)
(160,686371, 476,130493)
(197,891586, 476,130524)
(269,054352, 476,130493)
(315,754547, 476,130463)
(552,225403, 476,130493)
(734,097595, 476,130493)
(913,543945, 476,130493)
(958,515259, 476,130524)
(734,097595, 472,408051)
(860,355225, 464,743958)
(269,054352, 464,280182)
(280,473297, 464,280182)
(889,487305, 457,819855)
(968,547363, 457,819855)
(981,908508, 457,819794)
(718,374634, 457,525177)
(269,054352, 456,878571)
(351,912079, 456,878540)
(718,374634, 456,878571)
(889,487305, 456,878571)
(269,054352, 453,434326)
(351,912079, 453,434326)
(528,697815, 451,498505)
(672,861572, 451,498535)
(803,272400, 451,498535)
(627,605469, 449,718658)
(803,272400, 447,294800)
(403,568268, 445,940338)
(627,605469, 445,940338)
(160,686371, 445,208252)
(179,879608, 445,208221)
(193,394775, 445,208221)
(218,917786, 445,208282)
(269,054352, 445,208221)
(351,912079, 445,208221)
(403,568268, 445,208221)
(407,585022, 445,208252)
(627,605469, 445,208252)
(756,622620, 445,208221)
(803,272400, 445,208221)
(852,592102, 445,208221)
(87,201836, 443,827240)
(137,488907, 443,827240)
(143,456879, 443,827271)
(160,686371, 443,827271)
(193,394775, 443,827240)
(351,912079, 440,244385)
(403,568268, 440,244415)
(407,585022, 440,244385)
(627,605469, 440,244385)
(803,272400, 440,244415)
(852,592102, 440,244385)
(269,054352, 436,583649)
(351,912079, 436,583649)
(403,568268, 436,583649)
(407,585022, 436,583649)
(852,592102, 436,438568)
(351,912079, 430,208832)
(403,568268, 430,208832)
(218,917786, 424,157043)
(231,554276, 424,157043)
(269,054352, 424,157074)
(627,605469, 422,560822)
(852,592102, 422,560791)
(540,642029, 422,432739)
(10,344863, 416,274536)
(47,002731, 416,274536)
(55,043041, 416,274536)
(65,113243, 416,274536)
(71,543396, 416,274506)
(79,295937, 416,274567)
(87,201836, 416,274536)
(101,489899, 416,274536)
(137,488907, 416,274536)
(143,456879, 416,274536)
(146,046463, 416,274506)
(160,686371, 416,274536)
(180,052704, 416,274536)
(218,917786, 416,274536)
(243,690613, 416,274506)
(269,054352, 416,274536)
(282,904266, 416,274536)
(351,912079, 416,274536)
(540,642029, 416,274536)
(79,295937, 415,101379)
(87,201836, 415,101410)
(101,489899, 415,101379)
(137,488907, 415,101379)
(143,456879, 415,101379)
(146,046463, 415,101410)
(160,686371, 415,101410)
(180,052704, 415,101410)
(269,054352, 415,101410)
(282,904266, 415,101379)
(296,599792, 415,101379)
(351,912079, 415,101349)
(540,642029, 415,101379)
(622,633362, 415,101410)
(87,201836, 412,891479)
(101,489899, 412,891479)
(160,686371, 412,891510)
(180,052704, 412,891510)
(239,087402, 412,891510)
(269,054352, 412,891449)
(282,904266, 412,891510)
(296,599792, 412,891479)
(821,416260, 405,944824)
(296,599792, 403,521759)
(447,717194, 403,521729)
(755,145447, 403,521790)
(777,097656, 403,521759)
(821,416260, 403,521759)
(269,054352, 403,343597)
(101,489899, 401,673492)
(160,686371, 401,673523)
(180,052704, 401,673492)
(269,054352, 401,673523)
(447,717194, 401,673492)
(71,543396, 396,308929)
(82,880737, 396,308929)
(160,686371, 396,308899)
(168,122116, 396,308899)
(180,052704, 396,308899)
(447,717194, 395,558777)
(755,145447, 395,558777)
(777,097656, 395,558777)
(821,416260, 395,558777)
(447,717194, 395,488770)
(755,145447, 395,289886)
(821,416260, 395,289917)
(920,207947, 395,289917)
(180,052704, 393,374786)
(447,717194, 393,374725)
(447,717194, 388,099426)
(755,145447, 386,733917)
(920,207947, 386,733917)
(447,717194, 386,659210)
(730,610352, 386,659180)
(920,207947, 386,659180)
(946,082642, 386,659180)
(952,134644, 386,659180)
(968,547363, 386,659210)
(973,360291, 386,659210)
(920,207947, 385,881409)
(160,686371, 385,338409)
(180,052704, 385,338409)
(287,185608, 385,338409)
(669,706055, 382,936829)
(920,207947, 382,427032)
(946,082642, 382,427002)
(180,052704, 377,279968)
(532,483459, 377,279968)
(669,706055, 376,932220)
(811,117004, 376,932190)
(299,669739, 375,639557)
(43,450653, 372,077942)
(47,002731, 372,077942)
(55,043041, 372,077942)
(55,170952, 372,077942)
(71,543396, 372,077942)
(82,880737, 372,077942)
(136,033051, 372,077942)
(160,686371, 372,077942)
(176,884048, 372,077942)
(180,052704, 372,077942)
(299,669739, 372,077942)
(532,483459, 371,946869)
(573,472717, 365,110168)
(532,483459, 352,903198)
(558,745544, 352,903229)
(561,346680, 352,903229)
(669,706055, 352,903229)
(561,346680, 352,093140)
(287,961121, 351,280182)
(299,669739, 351,280151)
(299,397339, 351,280151)
(333,107422, 351,280182)
(938,523254, 351,280182)
(968,608643, 351,280151)
(988,766846, 351,280151)
(985,954590, 351,280151)
(43,450653, 345,184143)
(55,170952, 345,184143)
(68,089966, 345,184174)
(71,543396, 345,184143)
(77,553268, 345,184113)
(82,880737, 345,184143)
(136,033051, 345,184143)
(160,686371, 345,184113)
(287,961121, 345,184143)
(299,669739, 345,184143)
(333,107422, 345,184143)
(333,107422, 342,343048)
(529,248108, 342,343018)
(728,286255, 342,343048)
(529,248108, 341,038116)
(968,608643, 341,031128)
(988,766846, 341,031128)
(985,954590, 341,031158)
(160,686371, 340,279755)
(529,248108, 338,388306)
(43,450653, 336,134857)
(55,170952, 336,134857)
(68,089966, 336,134857)
(71,543396, 336,134857)
(82,880737, 336,134857)
(89,326263, 336,134857)
(160,686371, 336,134888)
(221,136505, 336,134888)
(282,064026, 326,425934)
(529,248108, 326,425934)
(695,020691, 326,425934)
(160,686371, 324,171814)
(196,189468, 324,171844)
(270,577789, 324,171844)
(282,064026, 324,171814)
(140,403992, 320,971191)
(160,686371, 320,971191)
(196,189468, 320,971161)
(270,577789, 320,971161)
(160,686371, 320,807495)
(705,197021, 317,101196)
(780,042358, 317,101166)
(890,689453, 317,101166)
(270,577789, 314,780060)
(493,129181, 314,780060)
(705,197021, 314,780060)
(493,129181, 313,108429)
(780,042358, 313,108459)
(270,577789, 311,077118)
(493,129181, 311,077118)
(780,042358, 311,077118)
(270,577789, 307,099182)
(843,250366, 306,408936)
(68,089966, 304,103851)
(82,880737, 304,103882)
(140,403992, 304,103882)
(160,686371, 304,103851)
(219,527252, 304,103882)
(477,336700, 304,103851)
(493,129181, 304,103851)
(493,129181, 303,261536)
(160,686371, 297,717987)
(212,298691, 297,717957)
(219,527252, 297,717957)
(43,450653, 295,387878)
(68,089966, 295,387909)
(82,880737, 295,387909)
(140,403992, 295,387909)
(160,686371, 295,387909)
(212,298691, 295,387909)
(219,527252, 295,387909)
(545,362366, 295,387909)
(655,526733, 290,976654)
(715,913940, 290,976624)
(897,905579, 290,976654)
(892,796021, 290,976624)
(715,913940, 289,408264)
(863,820557, 289,408264)
(160,686371, 285,582336)
(831,256226, 283,678009)
(863,820557, 283,678009)
(613,071838, 277,219635)
(104,733589, 276,503754)
(131,948654, 276,503754)
(140,403992, 276,503723)
(160,686371, 276,503723)
(205,171341, 276,503723)
(256,392822, 276,503754)
(613,071838, 276,503754)
(160,686371, 275,908386)
(256,392822, 275,908417)
(613,071838, 275,908417)
(256,392822, 273,477051)
(613,071838, 270,079834)
(256,392822, 266,359100)
(368,739777, 266,359100)
(68,089966, 264,401215)
(82,880737, 264,401245)
(104,733589, 264,401215)
(68,089966, 262,407715)
(82,880737, 262,407715)
(160,686371, 262,407715)
(162,184952, 262,407715)
(256,392822, 262,407715)
(368,739777, 262,407745)
(368,739777, 262,341431)
(160,686371, 260,510742)
(162,184952, 260,510742)
(256,392822, 260,510742)
(256,392822, 255,090408)
(301,235382, 255,090393)
(368,739777, 255,090378)
(462,563873, 255,090408)
(727,284729, 247,529343)
(82,880737, 246,338303)
(160,686371, 246,338303)
(256,392822, 246,338303)
(301,235382, 246,338303)
(355,376312, 246,338303)
(368,739777, 246,338303)
(613,071838, 246,338303)
(638,518188, 246,338303)
(727,284729, 246,338287)
(831,256226, 246,338303)
(881,686768, 246,338303)
(883,412903, 246,338303)
(68,089966, 246,123688)
(82,880737, 246,123672)
(727,284729, 245,697952)
(256,392822, 244,696976)
(301,235382, 244,696991)
(355,376312, 244,676819)
(368,739777, 244,676819)
(831,256226, 244,676804)
(933,186340, 243,934479)
(932,233276, 243,934479)
(82,880737, 241,495605)
(355,376312, 241,495605)
(976,625916, 232,148468)
(911,608765, 229,390457)
(309,434784, 219,020676)
(320,757019, 219,020660)
(355,376312, 219,020660)
(559,379517, 218,637405)
(34,255444, 214,982559)
(68,089966, 214,982574)
(82,880737, 214,982574)
(320,757019, 212,350952)
(355,376312, 212,350952)
(529,153198, 212,350937)
(542,920776, 212,350952)
(615,316162, 212,350952)
(320,757019, 209,696655)
(542,920776, 206,206207)
(615,316162, 206,206207)
(615,316162, 205,616455)
(146,620514, 204,329773)
(320,757019, 204,329788)
(615,316162, 204,329788)
(615,316162, 203,728195)
(615,316162, 203,578217)
(366,398041, 201,804291)
(206,273376, 198,863327)
(320,757019, 198,863312)
(366,398041, 198,863312)
(320,757019, 196,160004)
(366,398041, 196,160019)
(976,625916, 192,857574)
(988,766846, 192,857574)
(985,954590, 192,857574)
(320,757019, 192,127777)
(366,398041, 192,127777)
(146,620514, 186,164658)
(206,273376, 186,164673)
(320,757019, 186,164688)
(366,398041, 186,164688)
(146,620514, 184,129379)
(366,398041, 184,129364)
(295,895569, 180,300308)
(154,677277, 179,554764)
(295,895569, 175,449234)
(539,528198, 175,449249)
(539,528198, 173,897797)
(539,528198, 171,908234)
(688,166138, 171,908249)
(295,895569, 170,941544)
(688,166138, 167,486420)
(295,895569, 164,766449)
(530,022217, 155,465073)
(707,567505, 155,465073)
(281,088226, 151,192062)
(530,022217, 151,192062)
(281,088226, 151,104279)
(530,022217, 151,104294)
(707,567505, 151,104294)
(758,939514, 151,104279)
(707,567505, 150,745041)
(530,022217, 136,652390)
(707,567505, 136,652405)
(842,867737, 136,652405)
(707,567505, 135,861664)
(612,395691, 113,935837)
(445,497467, 113,280937)
(612,395691, 111,482460)
(651,203674, 102,288307)
(651,203674, 100,565010)
(714,120544, 100,565010)
(651,203674, 97,268105)
(593,381531, 91,571335)
(651,203674, 91,571335)
(714,120544, 91,571335)
(593,381531, 91,415817)
(651,203674, 91,415817)
(714,120544, 91,415825)
(593,381531, 88,673103)
(714,120544, 88,673103)
(299,743011, 86,593094)
(34,255444, 80,576775)
(299,743011, 79,928047)
(615,338684, 79,928040)
(656,743469, 79,928047)
(656,743469, 79,715126)
(10,344863, 72,608711)
(7,992625, 72,608719)
(34,255444, 72,608711)
(299,743011, 72,608711)
(299,743011, 70,692963)
(656,743469, 69,901520)
(590,740051, 67,018341)
(656,743469, 67,018341)
(299,743011, 66,775261)
(590,740051, 66,775253)
(299,743011, 66,090164)
(299,743011, 58,038891)
(299,743011, 57,474251)
(988,766846, 46,645592)
(985,954590, 46,645592)
(989,056396, 46,645592)
(299,743011, 38,076637)
(34,255444, 34,803272)
(299,743011, 34,803276)
(10,344863, 31,174900)
(34,255444, 31,174898)
(299,743011, 31,174898)
(299,743011, 30,660809)
(299,743011, 26,687979)
(299,743011, 25,056002)
(10,344863, 20,393848)
(34,255444, 20,393848)
(299,743011, 20,393850)
(299,743011, 12,751996)
(299,743011, 9,413004)
(989,056396, 5,880294)


Statistics:
Time = 1302 ms
Sort Operations = 61
No Sort Operations = 16
Number of Intersections = 1572