N = 2048

Intersection points:
(350,324524, 996,933716)
(623,387939, 996,933655)
(623,387939, 994,285950)
(686,423767, 994,285889)
(318,142303, 994,220581)
(350,324524, 994,220581)
(623,387939, 994,057007)
(686,423767, 994,056946)
(206,633148, 993,690308)
(350,324524, 993,690247)
(350,324524, 990,810547)
(401,752960, 990,810669)
(623,387939, 990,810547)
(686,423767, 990,810608)
(869,238159, 990,810608)
(623,387939, 990,327576)
(686,423767, 990,327576)
(209,028122, 987,201538)
(350,324524, 987,201599)
(623,387939, 987,201599)
(621,785583, 987,201538)
(835,851501, 987,201538)
(869,238159, 987,201599)
(621,785583, 986,541077)
(869,238159, 986,126465)
(905,407288, 986,126526)
(468,893066, 983,906860)
(571,087219, 983,906860)
(905,407288, 983,798157)
(40,266155, 982,934082)
(88,665604, 982,934021)
(149,734024, 982,933960)
(468,893066, 982,934021)
(40,266155, 981,417175)
(88,665604, 981,417236)
(468,893066, 981,417175)
(571,087219, 981,417114)
(571,087219, 980,851379)
(571,087219, 980,319336)
(670,716187, 975,500732)
(905,407288, 975,500854)
(921,061523, 975,500732)
(571,087219, 972,939758)
(630,634277, 972,939819)
(639,391724, 972,939758)
(670,716187, 972,939819)
(905,407288, 972,189331)
(630,634277, 970,826172)
(639,391724, 970,826172)
(693,898376, 970,826172)
(777,257507, 970,826172)
(83,935860, 969,301331)
(399,545197, 969,301453)
(571,087219, 967,202454)
(630,634277, 967,202454)
(639,391724, 967,202454)
(630,634277, 967,164429)
(639,391724, 967,164368)
(693,898376, 967,164429)
(399,545197, 966,811035)
(571,087219, 966,811035)
(630,634277, 966,811035)
(639,391724, 966,810974)
(693,898376, 966,811096)
(777,257507, 966,810974)
(571,087219, 965,629517)
(693,898376, 965,629578)
(777,257507, 965,629517)
(399,545197, 963,134094)
(460,824860, 963,134155)
(571,087219, 963,134033)
(693,898376, 963,134094)
(696,072754, 963,134094)
(754,112549, 963,134033)
(777,257507, 963,134033)
(693,898376, 962,980408)
(571,087219, 960,778076)
(693,898376, 960,778076)
(542,658569, 956,835327)
(571,087219, 956,835266)
(693,898376, 956,835266)
(698,256714, 956,835266)
(542,658569, 956,435486)
(571,087219, 956,435425)
(693,898376, 956,435547)
(698,256714, 956,435547)
(83,935860, 952,341980)
(493,328735, 949,147644)
(536,368835, 949,147644)
(552,901855, 949,147644)
(536,368835, 948,592041)
(552,901855, 948,592041)
(943,513733, 947,847046)
(939,150452, 947,846985)
(950,960632, 947,846985)
(947,643433, 947,846985)
(958,228027, 947,846985)
(389,596893, 942,592590)
(493,328735, 942,592590)
(536,368835, 942,592590)
(552,901855, 942,592590)
(661,859985, 942,592590)
(768,605591, 942,592651)
(176,918625, 942,467957)
(389,596893, 942,467896)
(493,328735, 942,467896)
(389,596893, 940,308167)
(83,935860, 939,899292)
(84,155022, 939,899231)
(93,161049, 939,899292)
(389,596893, 939,216309)
(389,596893, 938,270874)
(493,328735, 938,270874)
(661,859985, 938,270874)
(768,605591, 938,270935)
(493,328735, 937,915283)
(661,859985, 937,915344)
(355,099426, 937,498108)
(389,596893, 937,498108)
(493,328735, 937,498108)
(768,605591, 937,498108)
(389,596893, 936,216064)
(493,328735, 936,216064)
(83,935860, 935,983521)
(84,155022, 935,983521)
(93,161049, 935,983459)
(768,605591, 935,284790)
(822,665283, 935,284790)
(849,877014, 935,284851)
(868,661743, 935,284851)
(888,697266, 935,284790)
(943,513733, 935,284790)
(389,596893, 934,512268)
(493,328735, 934,512207)
(21,686316, 934,106079)
(40,266155, 934,105957)
(83,935860, 934,106079)
(93,161049, 934,106018)
(493,328735, 934,106018)
(768,605591, 932,394165)
(822,665283, 932,394226)
(493,328735, 931,749268)
(768,605591, 931,749268)
(849,877014, 931,749268)
(947,643433, 931,749329)
(951,319824, 931,749207)
(245,078857, 930,466980)
(281,192780, 930,466980)
(95,135689, 930,064453)
(190,590210, 930,064392)
(177,597519, 927,866577)
(190,590210, 927,866455)
(95,135689, 927,048096)
(190,590210, 927,048035)
(218,429031, 927,048035)
(739,390076, 926,970642)
(768,605591, 926,970642)
(849,877014, 926,970581)
(951,319824, 926,970581)
(958,228027, 926,970581)
(597,648743, 926,531494)
(739,390076, 926,531555)
(768,605591, 926,531494)
(849,877014, 926,531555)
(924,535156, 926,531555)
(951,319824, 926,531494)
(323,667419, 923,269958)
(419,590424, 923,269897)
(849,877014, 923,269958)
(849,877014, 922,752502)
(924,535156, 922,752563)
(265,175812, 922,449463)
(323,667419, 922,449463)
(190,590210, 917,417847)
(562,609375, 915,299866)
(576,039063, 915,299866)
(686,055237, 915,299866)
(817,654663, 915,299866)
(562,609375, 914,499084)
(817,654663, 914,499146)
(265,175812, 913,552612)
(279,921997, 913,552612)
(190,590210, 912,825317)
(562,609375, 912,825378)
(566,590637, 910,274170)
(817,654663, 910,274109)
(566,590637, 908,471436)
(448,662170, 907,370117)
(488,852570, 907,370239)
(488,852570, 906,072205)
(513,600647, 906,072266)
(566,590637, 906,072266)
(513,600647, 904,728882)
(817,654663, 904,728882)
(513,600647, 902,145630)
(744,613342, 902,145569)
(513,600647, 901,074402)
(513,600647, 900,662109)
(513,600647, 897,478699)
(744,613342, 897,478699)
(513,600647, 897,072815)
(955,998474, 897,072815)
(965,182007, 897,072815)
(955,998474, 895,113098)
(675,665588, 892,995361)
(151,830139, 886,897949)
(167,389923, 886,897888)
(196,835159, 886,897827)
(293,507568, 886,897949)
(478,789093, 886,897888)
(513,600647, 886,897888)
(675,665588, 886,897888)
(700,623047, 886,897888)
(293,507568, 886,459045)
(513,600647, 886,459045)
(675,665588, 886,459045)
(700,623047, 886,459045)
(915,289795, 886,459045)
(293,507568, 883,101318)
(293,507568, 881,689575)
(558,246338, 881,689514)
(558,246338, 878,739624)
(558,246338, 878,678955)
(558,246338, 877,787537)
(675,665588, 877,787476)
(674,183105, 877,787476)
(695,718689, 877,787537)
(915,289795, 877,787537)
(919,366150, 877,787476)
(955,998474, 877,787476)
(959,191284, 877,787476)
(968,897095, 877,787537)
(558,246338, 875,770264)
(675,665588, 875,770203)
(674,183105, 875,770264)
(558,246338, 875,680481)
(675,665588, 875,680481)
(674,183105, 875,680481)
(322,240173, 873,547363)
(335,584869, 873,547363)
(363,404266, 873,547424)
(416,941406, 873,547363)
(915,289795, 872,679321)
(919,366150, 872,679382)
(919,366150, 872,651855)
(322,240173, 870,357788)
(335,584869, 870,357727)
(363,404266, 870,357727)
(416,941406, 870,357727)
(181,998611, 869,066528)
(273,876129, 869,066589)
(322,240173, 869,066589)
(324,260529, 869,066589)
(335,584869, 869,066528)
(363,404266, 869,066528)
(273,876129, 867,817688)
(335,584869, 867,817688)
(363,404266, 867,817688)
(538,106445, 867,817688)
(558,246338, 867,817749)
(574,950134, 867,817688)
(675,665588, 867,817627)
(674,183105, 867,817688)
(538,106445, 867,554382)
(246,690216, 863,974365)
(273,876129, 863,974365)
(335,584869, 863,974304)
(363,404266, 863,974365)
(387,059204, 863,974365)
(538,106445, 863,974365)
(574,950134, 863,974426)
(674,183105, 863,974365)
(217,766708, 863,161438)
(246,690216, 863,161377)
(177,496735, 860,689575)
(217,766708, 860,689514)
(273,876129, 860,689453)
(538,106445, 860,689514)
(177,496735, 859,860352)
(217,766708, 859,860352)
(273,876129, 859,860291)
(177,496735, 859,761169)
(217,766708, 859,761108)
(273,876129, 859,761108)
(538,106445, 859,761169)
(574,950134, 859,761169)
(591,278198, 859,761230)
(538,106445, 859,747009)
(574,950134, 859,747131)
(674,183105, 859,406128)
(717,790222, 859,406067)
(750,107788, 859,406067)
(750,107788, 859,072632)
(29,311239, 858,776733)
(177,496735, 858,776672)
(217,766708, 858,776733)
(273,876129, 858,776672)
(273,876129, 858,597839)
(574,950134, 857,326599)
(574,950134, 854,244263)
(10,854363, 853,399048)
(15,101851, 853,399109)
(66,975952, 853,399048)
(96,334633, 853,399109)
(121,978760, 853,399170)
(134,665314, 853,399048)
(66,975952, 852,883118)
(409,447845, 852,883118)
(332,132568, 852,420288)
(409,447845, 852,420288)
(332,132568, 852,298035)
(919,366150, 852,086365)
(332,132568, 850,956421)
(332,132568, 850,800476)
(409,447845, 850,800537)
(543,749084, 850,800476)
(574,950134, 850,800537)
(739,255371, 850,800476)
(837,053955, 850,800537)
(543,749084, 849,867004)
(574,950134, 849,867065)
(66,975952, 849,070923)
(128,409149, 846,745605)
(520,239380, 846,745605)
(543,749084, 846,745667)
(574,950134, 846,745728)
(739,255371, 846,745667)
(886,780396, 846,745667)
(919,366150, 846,745605)
(931,658325, 846,745667)
(955,998474, 846,745667)
(959,191284, 846,745667)
(961,272705, 846,745605)
(739,255371, 846,205322)
(886,780396, 846,205383)
(959,191284, 846,205383)
(739,255371, 845,856567)
(543,749084, 845,707703)
(128,409149, 844,798889)
(309,159393, 841,609924)
(520,239380, 841,609924)
(522,777832, 841,609985)
(543,749084, 841,609924)
(574,950134, 841,609985)
(597,739929, 841,609985)
(673,716797, 841,609985)
(309,159393, 837,378113)
(520,239380, 836,794250)
(522,777832, 836,794312)
(543,749084, 836,794189)
(574,950134, 836,794312)
(597,739929, 836,794250)
(673,716797, 836,794312)
(309,159393, 836,212891)
(520,239380, 836,212891)
(543,749084, 836,212891)
(574,950134, 836,212891)
(128,409149, 835,935059)
(309,159393, 835,935120)
(520,239380, 835,935181)
(543,749084, 835,935181)
(574,950134, 835,935181)
(597,739929, 835,935181)
(309,159393, 835,810669)
(520,239380, 835,810730)
(543,749084, 835,810669)
(574,950134, 835,810608)
(673,716797, 835,810608)
(870,166077, 835,810669)
(309,159393, 835,259216)
(309,159393, 835,089905)
(128,409149, 833,905762)
(128,409149, 833,648621)
(309,159393, 833,648682)
(574,950134, 833,648621)
(610,685486, 833,648621)
(673,716797, 833,648621)
(766,527466, 833,648682)
(128,409149, 832,673584)
(870,166077, 831,917358)
(766,527466, 830,237061)
(766,527466, 829,024902)
(128,409149, 827,376465)
(339,205688, 826,695068)
(516,459595, 824,031982)
(574,950134, 824,031982)
(610,685486, 824,031921)
(128,409149, 823,865417)
(339,205688, 823,865479)
(342,482391, 823,865417)
(724,883972, 823,740784)
(870,166077, 823,740723)
(339,205688, 822,967773)
(342,482391, 822,967712)
(128,409149, 822,272705)
(162,355728, 822,272766)
(339,205688, 822,272705)
(342,482391, 822,272766)
(516,459595, 822,272827)
(516,459595, 821,836853)
(128,409149, 819,861755)
(162,355728, 819,861816)
(309,339752, 817,839111)
(532,722656, 817,839172)
(564,037415, 817,839111)
(683,452087, 817,839050)
(309,339752, 815,626282)
(532,722656, 815,626343)
(564,037415, 815,626282)
(683,452087, 815,626282)
(683,452087, 814,242676)
(858,954102, 814,242676)
(883,216003, 814,242676)
(918,134766, 814,242676)
(968,897095, 814,242676)
(987,910828, 814,242737)
(532,722656, 813,751282)
(121,864380, 813,191345)
(128,409149, 813,191345)
(155,551605, 813,191284)
(121,864380, 810,812439)
(128,409149, 810,812500)
(155,551605, 810,812500)
(532,722656, 810,812500)
(208,768661, 808,869324)
(532,722656, 808,869202)
(883,216003, 808,326599)
(208,768661, 808,014038)
(532,722656, 807,988342)
(532,722656, 807,610657)
(858,954102, 803,403870)
(508,768036, 802,576477)
(532,722656, 802,576477)
(858,954102, 801,574890)
(263,825226, 796,112732)
(356,380219, 796,112793)
(455,412384, 796,112854)
(508,768036, 796,112732)
(532,722656, 796,112732)
(102,115570, 795,573853)
(121,864380, 795,573853)
(263,825226, 795,573792)
(508,768036, 795,573853)
(646,264648, 795,573853)
(263,825226, 793,040894)
(121,864380, 790,658997)
(263,825226, 790,658997)
(463,738556, 790,658997)
(508,768036, 790,658997)
(263,825226, 786,034485)
(273,030334, 786,034485)
(767,073242, 785,278748)
(834,116699, 785,278748)
(858,954102, 785,278748)
(911,940247, 785,278748)
(767,073242, 784,479187)
(263,825226, 781,056335)
(273,030334, 781,056335)
(271,442413, 781,056396)
(646,264648, 781,056335)
(707,966431, 781,056335)
(767,073242, 781,056274)
(263,825226, 779,732666)
(273,030334, 779,732727)
(400,915039, 774,335876)
(263,825226, 772,929993)
(261,537659, 772,929932)
(269,481720, 772,929993)
(646,264648, 769,771423)
(767,073242, 769,771423)
(776,496033, 769,771484)
(810,445557, 769,771423)
(809,643799, 769,771423)
(898,205872, 769,771484)
(263,825226, 769,316895)
(261,537659, 769,316895)
(263,825226, 769,021240)
(261,537659, 769,021240)
(330,347534, 769,021240)
(263,825226, 765,237488)
(447,159698, 764,269043)
(627,697144, 764,269104)
(646,264648, 764,269043)
(648,302612, 764,269043)
(675,586182, 764,269043)
(263,825226, 762,339783)
(599,813354, 761,609924)
(263,825226, 760,392517)
(283,499298, 760,392578)
(447,159698, 760,392578)
(627,697144, 760,392578)
(658,843506, 760,392517)
(675,586182, 760,392578)
(738,007507, 760,392639)
(767,073242, 760,392517)
(776,496033, 760,392578)
(810,445557, 760,392578)
(890,075317, 760,392517)
(898,205872, 760,392578)
(990,332031, 760,392517)
(283,499298, 760,237915)
(263,825226, 759,659546)
(447,159698, 759,659607)
(658,843506, 759,659546)
(675,586182, 759,659546)
(738,007507, 759,659546)
(767,073242, 759,659546)
(776,496033, 759,659485)
(810,445557, 759,659546)
(890,075317, 759,659546)
(447,159698, 759,427429)
(658,843506, 759,427490)
(675,586182, 759,427490)
(738,007507, 759,427490)
(776,496033, 759,427429)
(447,159698, 758,404724)
(658,843506, 758,404724)
(776,496033, 758,404724)
(263,825226, 757,094421)
(309,355255, 757,094421)
(776,496033, 755,920471)
(658,843506, 754,212585)
(393,464874, 751,435242)
(658,843506, 751,435303)
(15,101851, 750,987000)
(19,713461, 750,987000)
(69,642662, 750,987000)
(263,825226, 750,987000)
(295,369873, 750,987000)
(47,924221, 750,083679)
(69,642662, 750,083679)
(263,825226, 750,083679)
(295,369873, 750,083679)
(393,464874, 750,083679)
(295,369873, 749,267761)
(393,464874, 749,267761)
(295,369873, 747,146790)
(393,464874, 747,146790)
(427,532898, 747,146790)
(658,843506, 747,146790)
(819,566345, 747,146790)
(819,908813, 747,146790)
(890,075317, 747,146790)
(819,566345, 746,206970)
(890,075317, 746,206909)
(890,075317, 746,094421)
(295,369873, 745,037659)
(393,464874, 745,037659)
(406,013000, 745,037598)
(19,713461, 744,419922)
(47,924221, 744,419922)
(69,642662, 744,419922)
(102,020142, 744,419983)
(629,472473, 743,593628)
(676,380127, 743,593628)
(717,609436, 743,593628)
(819,566345, 743,593567)
(380,723358, 743,206787)
(393,464874, 743,206726)
(427,532898, 743,206787)
(47,924221, 742,865662)
(69,642662, 742,865662)
(116,074982, 742,865723)
(267,190582, 742,865723)
(295,369873, 742,865723)
(427,532898, 742,865723)
(676,380127, 742,865723)
(717,609436, 742,865723)
(819,566345, 742,865662)
(19,713461, 739,535583)
(47,924221, 739,535583)
(69,642662, 739,535645)
(195,973038, 739,535583)
(401,142365, 739,535583)
(832,917725, 739,535583)
(848,791748, 739,535645)
(918,318848, 739,535645)
(401,142365, 737,353577)
(69,642662, 737,200439)
(69,063782, 737,200378)
(125,961662, 737,200439)
(717,187683, 733,834412)
(792,153992, 733,834412)
(800,382996, 733,834473)
(918,318848, 733,834473)
(620,678040, 732,808777)
(717,187683, 732,808716)
(800,382996, 732,808716)
(620,678040, 732,504578)
(620,678040, 732,298340)
(717,187683, 732,298340)
(620,678040, 731,714355)
(800,382996, 731,714294)
(620,678040, 731,237793)
(800,382996, 731,237732)
(800,382996, 730,729431)
(125,961662, 727,022583)
(181,149719, 727,022583)
(56,048157, 720,236328)
(69,642662, 720,236389)
(69,063782, 720,236389)
(94,090286, 720,236328)
(118,960503, 720,236328)
(125,961662, 720,236389)
(136,463043, 720,236328)
(200,577621, 720,236389)
(23,860872, 719,923523)
(56,048157, 719,923523)
(118,960503, 719,923523)
(125,961662, 719,923523)
(136,463043, 719,923523)
(200,577621, 719,923523)
(350,296265, 719,923523)
(370,643311, 719,923523)
(350,296265, 719,396118)
(187,416138, 717,966614)
(200,577621, 717,966675)
(350,296265, 717,966675)
(803,488647, 717,207825)
(819,650818, 717,207764)
(933,516174, 717,207764)
(819,650818, 716,030090)
(136,463043, 712,999634)
(187,416138, 712,999634)
(350,296265, 712,999695)
(779,778870, 712,999695)
(819,650818, 712,999634)
(350,296265, 711,802368)
(779,778870, 711,802490)
(779,778870, 711,543640)
(350,296265, 711,064270)
(401,349548, 711,064270)
(136,463043, 710,465576)
(350,296265, 710,465576)
(401,349548, 710,465576)
(779,778870, 710,465515)
(819,650818, 710,465637)
(350,296265, 710,263855)
(401,349548, 710,263916)
(350,296265, 708,117920)
(401,349548, 708,117859)
(770,487671, 707,228699)
(779,778870, 707,228760)
(819,650818, 707,228699)
(94,106316, 706,105347)
(136,463043, 706,105408)
(173,909180, 706,105347)
(401,349548, 706,105347)
(94,106316, 704,589600)
(136,463043, 704,589600)
(173,909180, 704,589600)
(401,349548, 704,589539)
(136,463043, 704,194763)
(173,909180, 704,194824)
(819,650818, 704,081543)
(401,349548, 702,990540)
(401,349548, 702,668579)
(606,229431, 702,668579)
(666,984131, 702,668579)
(779,778870, 702,668579)
(819,650818, 702,668579)
(136,463043, 699,567993)
(136,463043, 698,560120)
(136,463043, 698,534363)
(553,707947, 696,524780)
(606,229431, 696,524780)
(666,984131, 696,524780)
(357,924805, 696,205139)
(136,463043, 695,192810)
(357,924805, 695,192871)
(136,463043, 694,744812)
(606,229431, 694,615845)
(666,984131, 694,615845)
(136,463043, 691,350830)
(134,422241, 691,350830)
(164,725189, 691,350830)
(357,924805, 691,350891)
(574,940796, 691,350830)
(666,984131, 691,350891)
(787,815979, 691,350830)
(819,650818, 691,350830)
(136,463043, 690,165710)
(164,725189, 690,165710)
(574,940796, 689,853821)
(666,984131, 689,853821)
(136,463043, 688,385193)
(164,725189, 688,385132)
(357,924805, 688,385193)
(574,940796, 688,385193)
(666,984131, 688,385132)
(45,930386, 686,041870)
(81,625160, 686,041870)
(136,463043, 686,041809)
(164,725189, 686,041809)
(357,924805, 686,041809)
(568,948242, 686,041809)
(574,940796, 686,041809)
(666,984131, 686,041809)
(939,616760, 686,041809)
(45,930386, 685,172485)
(81,625160, 685,172485)
(136,463043, 685,172485)
(164,725189, 685,172546)
(357,924805, 685,076416)
(574,940796, 685,076416)
(164,725189, 683,932495)
(574,940796, 683,497070)
(164,725189, 682,686096)
(357,924805, 682,072266)
(546,444214, 682,072205)
(574,940796, 682,072266)
(357,924805, 680,177429)
(387,432922, 680,177429)
(164,725189, 679,902588)
(265,552277, 679,902588)
(357,924805, 679,902588)
(546,444214, 679,902588)
(574,940796, 679,902527)
(546,444214, 679,863037)
(574,940796, 679,862976)
(72,545708, 676,851868)
(81,625160, 676,851807)
(136,463043, 676,851807)
(265,552277, 676,851868)
(365,197296, 676,851868)
(546,444214, 676,851807)
(546,444214, 676,813110)
(574,940796, 676,813049)
(939,616760, 676,813110)
(265,552277, 676,683899)
(72,545708, 674,528320)
(81,625160, 674,528259)
(136,463043, 674,528320)
(265,552277, 674,528320)
(365,197296, 674,528320)
(365,197296, 673,113098)
(546,444214, 673,113037)
(574,940796, 673,113037)
(365,197296, 673,071045)
(546,444214, 673,071045)
(546,444214, 673,024597)
(574,940796, 673,024597)
(726,336548, 673,024658)
(574,940796, 671,484680)
(726,336548, 671,484680)
(365,197296, 669,305237)
(574,940796, 669,305237)
(726,336548, 669,305237)
(31,142593, 669,274475)
(72,545708, 669,274475)
(81,625160, 669,274475)
(136,463043, 669,274475)
(196,235413, 669,274475)
(265,552277, 669,274536)
(365,197296, 669,274475)
(365,197296, 668,916809)
(574,940796, 668,916748)
(726,336548, 668,916748)
(775,791626, 668,916748)
(833,542603, 668,916748)
(833,542603, 665,249084)
(726,336548, 664,616699)
(574,940796, 664,304321)
(833,542603, 664,304321)
(512,713684, 663,983093)
(574,940796, 663,983093)
(72,545708, 663,405884)
(81,625160, 663,405762)
(118,196129, 663,405823)
(136,463043, 663,405823)
(574,940796, 663,082336)
(72,545708, 662,429932)
(81,625160, 662,429932)
(118,196129, 662,429932)
(136,463043, 662,429932)
(265,552277, 662,429871)
(574,940796, 662,429932)
(265,552277, 661,527161)
(574,940796, 661,527161)
(622,690674, 661,527222)
(574,940796, 657,861877)
(574,151794, 657,861877)
(622,690674, 656,119934)
(118,196129, 655,809570)
(136,463043, 655,809570)
(265,552277, 655,809631)
(574,151794, 655,809631)
(622,690674, 655,809631)
(455,454956, 652,283875)
(72,545708, 647,577515)
(84,861877, 647,577454)
(118,196129, 647,577515)
(121,894363, 647,577454)
(159,602341, 647,577515)
(170,790253, 647,577515)
(72,545708, 645,791443)
(118,196129, 645,791382)
(170,790253, 645,791443)
(574,151794, 645,791443)
(710,804321, 645,791382)
(574,151794, 644,512756)
(678,200623, 644,512817)
(710,804321, 644,512817)
(678,200623, 643,901001)
(710,804321, 643,901001)
(108,536186, 638,621338)
(170,790253, 638,621399)
(232,606644, 632,263672)
(320,555145, 632,263672)
(650,209106, 629,774780)
(189,369980, 624,581848)
(427,917664, 624,581848)
(108,536186, 624,106567)
(189,369980, 624,106628)
(427,917664, 624,106628)
(911,276978, 624,106628)
(189,369980, 619,232544)
(349,245605, 619,232544)
(572,624573, 619,232544)
(627,189636, 614,421936)
(880,128296, 614,421875)
(349,245605, 613,637817)
(376,470917, 613,637756)
(627,189636, 613,346741)
(189,369980, 611,163940)
(189,369980, 610,238281)
(453,735901, 610,238342)
(627,189636, 610,238342)
(453,735901, 608,426025)
(189,369980, 608,275696)
(453,735901, 608,275757)
(880,128296, 608,275696)
(24,815559, 607,028503)
(49,581112, 607,028503)
(189,369980, 607,028503)
(453,735901, 607,028503)
(548,533813, 607,028503)
(880,128296, 607,028442)
(880,128296, 606,370117)
(49,581112, 605,483459)
(366,313171, 605,483459)
(453,735901, 604,654053)
(498,818756, 604,654053)
(548,533813, 604,654053)
(453,735901, 602,653809)
(548,533813, 602,653809)
(638,629456, 602,653809)
(642,027710, 602,653870)
(638,629456, 602,202515)
(548,533813, 600,842773)
(731,136230, 600,842712)
(292,103699, 597,688049)
(548,533813, 597,458679)
(659,061340, 597,458618)
(453,735901, 596,570007)
(548,533813, 594,590332)
(659,061340, 594,590332)
(247,151321, 592,797668)
(548,533813, 591,546997)
(659,061340, 591,546997)
(548,533813, 590,889648)
(659,061340, 590,889648)
(548,533813, 590,761658)
(221,899811, 590,036987)
(548,533813, 590,037048)
(23,163260, 589,727478)
(221,899811, 589,727478)
(565,830627, 583,630127)
(919,756653, 583,630127)
(565,830627, 583,195129)
(565,830627, 582,143616)
(212,157730, 581,433105)
(212,157730, 581,420471)
(967,869568, 576,791504)
(444,662506, 572,244446)
(723,924622, 566,653320)
(765,134827, 566,653320)
(795,463623, 566,653320)
(791,141357, 566,653320)
(842,829834, 566,653320)
(723,924622, 566,628479)
(723,924622, 565,738647)
(795,463623, 565,738586)
(791,141357, 565,738586)
(842,829834, 565,738647)
(967,869568, 565,738647)
(964,632141, 565,738586)
(432,591248, 560,376526)
(169,369278, 558,528259)
(723,924622, 558,528259)
(169,369278, 558,213745)
(169,369278, 557,849365)
(723,924622, 557,849365)
(723,924622, 557,196594)
(795,463623, 557,196594)
(723,924622, 556,137207)
(795,463623, 556,137207)
(967,869568, 556,137146)
(964,632141, 556,137146)
(183,131165, 555,389526)
(465,534973, 554,663879)
(795,463623, 554,663818)
(618,423950, 553,556580)
(641,584106, 553,556580)
(795,463623, 553,556641)
(66,892685, 550,486267)
(183,131165, 550,486267)
(465,534973, 550,486328)
(512,695190, 550,486267)
(618,423950, 550,486267)
(641,584106, 550,486267)
(795,463623, 550,486328)
(465,534973, 550,142395)
(512,695190, 550,142395)
(795,463623, 549,457947)
(641,584106, 546,085693)
(828,845886, 546,085693)
(828,845886, 545,302307)
(224,571228, 544,826904)
(268,065277, 544,826904)
(66,892685, 544,507019)
(268,065277, 544,507019)
(465,534973, 544,507019)
(769,763000, 543,313293)
(828,845886, 543,313232)
(769,763000, 542,869751)
(268,065277, 542,851196)
(323,350250, 542,851196)
(48,853935, 541,963257)
(66,892685, 541,963318)
(66,892685, 540,807068)
(710,413086, 538,604248)
(66,892685, 535,295166)
(419,287445, 529,931946)
(246,155853, 527,860596)
(419,287445, 527,860596)
(967,869568, 527,860596)
(964,632141, 527,860596)
(229,232376, 526,756042)
(229,232376, 523,342468)
(436,599731, 523,342407)
(595,813354, 516,830017)
(839,756226, 514,553406)
(38,713871, 509,751404)
(33,215584, 509,751404)
(869,936462, 508,877411)
(743,356384, 508,285370)
(743,356384, 506,818756)
(743,356384, 504,511658)
(38,713871, 502,488617)
(86,459221, 502,488617)
(86,459221, 500,601349)
(86,459221, 499,766449)
(315,361572, 499,766479)
(315,361572, 498,111603)
(315,361572, 497,110046)
(313,324860, 497,109985)
(315,361572, 496,007782)
(313,324860, 496,007782)
(593,713562, 496,007751)
(593,713562, 495,395844)
(313,324860, 493,796356)
(593,713562, 493,796387)
(713,636597, 493,796356)
(72,104752, 491,487793)
(313,324860, 491,487793)
(72,104752, 490,652649)
(713,636597, 489,940521)
(713,636597, 489,116791)
(525,882690, 483,423645)
(693,564453, 483,423706)
(713,636597, 483,423676)
(16,426802, 482,939575)
(72,104752, 482,939575)
(313,324860, 482,939575)
(383,957855, 482,939575)
(525,882690, 482,939606)
(693,564453, 482,939575)
(313,324860, 482,826752)
(383,957855, 482,826782)
(525,882690, 482,826782)
(525,882690, 481,347443)
(532,753723, 481,347504)
(706,200745, 481,347473)
(525,882690, 478,870911)
(532,753723, 478,870941)
(525,882690, 478,772034)
(532,753723, 478,771973)
(525,882690, 478,602264)
(532,753723, 478,602264)
(525,882690, 478,011658)
(532,753723, 478,011597)
(525,882690, 474,845123)
(532,753723, 474,845123)
(785,470093, 474,845154)
(232,702011, 473,331604)
(438,663727, 473,331635)
(525,882690, 473,331604)
(532,753723, 473,331604)
(438,663727, 472,478394)
(525,882690, 472,478394)
(532,753723, 472,478394)
(232,702011, 471,533813)
(232,702011, 471,092499)
(525,882690, 471,092529)
(532,753723, 471,092499)
(525,882690, 469,805817)
(532,753723, 469,805786)
(525,882690, 469,292328)
(532,753723, 469,292297)
(279,097748, 468,842468)
(525,882690, 468,842499)
(532,753723, 468,842499)
(279,097748, 468,651031)
(525,882690, 467,500244)
(532,753723, 467,500244)
(279,097748, 464,974518)
(280,589691, 464,974579)
(525,882690, 464,974518)
(532,753723, 464,974487)
(279,097748, 464,768646)
(280,589691, 464,768646)
(525,882690, 464,768616)
(532,753723, 464,768616)
(279,097748, 461,037292)
(280,589691, 461,037262)
(279,097748, 457,702454)
(280,589691, 457,702454)
(785,470093, 456,779846)
(788,346619, 456,779846)
(925,951050, 456,779816)
(279,097748, 456,712372)
(280,589691, 456,712402)
(403,598602, 456,712402)
(525,882690, 456,712433)
(532,753723, 456,712402)
(647,474792, 456,712372)
(647,474792, 456,556396)
(788,346619, 456,556396)
(279,097748, 455,379669)
(280,589691, 455,379700)
(525,882690, 455,379639)
(532,753723, 455,379669)
(647,474792, 455,379700)
(788,346619, 455,379700)
(647,474792, 454,797485)
(279,097748, 453,554657)
(280,589691, 453,554657)
(279,097748, 450,834045)
(280,589691, 450,834045)
(462,015381, 450,834045)
(470,865234, 450,834045)
(532,753723, 450,834015)
(647,474792, 450,834076)
(532,753723, 450,498047)
(582,885437, 450,498016)
(279,097748, 449,350372)
(280,589691, 449,350372)
(532,753723, 448,626434)
(582,885437, 448,626434)
(279,097748, 446,264832)
(280,589691, 446,264862)
(532,753723, 446,264862)
(582,885437, 446,264862)
(16,426802, 445,108398)
(280,589691, 445,108398)
(582,885437, 445,107605)
(582,885437, 443,974487)
(709,618896, 443,974487)
(709,618896, 443,330475)
(280,589691, 442,713348)
(532,753723, 442,669525)
(582,885437, 442,669495)
(280,589691, 442,609772)
(532,753723, 442,609741)
(532,753723, 441,718719)
(532,753723, 441,208069)
(532,753723, 438,306580)
(532,753723, 437,696198)
(734,760315, 436,394745)
(820,874756, 436,394745)
(62,526047, 434,179565)
(287,175293, 433,040405)
(532,753723, 433,040405)
(658,943848, 433,040375)
(734,760315, 433,040405)
(990,517883, 432,808319)
(988,747253, 432,808319)
(481,003998, 430,832245)
(532,753723, 430,832214)
(658,943848, 430,832275)
(734,760315, 430,832275)
(261,437103, 428,803680)
(287,175293, 428,803589)
(481,003998, 428,803650)
(532,753723, 428,803650)
(100,652992, 421,160950)
(481,003998, 421,160950)
(494,227112, 421,160950)
(532,753723, 421,160950)
(532,753723, 418,791779)
(532,753723, 417,072021)
(532,753723, 415,194397)
(250,691467, 414,558136)
(532,753723, 414,558105)
(661,753296, 414,558136)
(250,691467, 414,165222)
(532,753723, 413,667969)
(661,753296, 413,667969)
(185,958801, 409,499146)
(532,753723, 409,499176)
(591,751404, 409,499146)
(661,753296, 409,499146)
(532,753723, 409,349335)
(591,751404, 409,349335)
(661,753296, 409,349365)
(532,753723, 408,415955)
(591,751404, 408,415955)
(661,753296, 408,415955)
(532,753723, 407,291626)
(661,753296, 407,291626)
(185,958801, 405,226898)
(532,753723, 405,226898)
(661,753296, 405,226898)
(532,753723, 405,190796)
(661,753296, 405,190796)
(532,753723, 404,198853)
(661,753296, 404,198853)
(532,753723, 403,587097)
(661,753296, 403,587097)
(44,041695, 394,304993)
(88,164207, 394,304993)
(129,262802, 394,305023)
(88,164207, 393,298279)
(129,262802, 393,298279)
(702,406311, 393,036316)
(505,150482, 391,704437)
(842,134460, 391,704407)
(505,150482, 390,503265)
(958,055054, 388,144073)
(8,222222, 384,295746)
(603,282837, 384,295746)
(691,731812, 371,051544)
(691,731812, 370,261200)
(793,187073, 370,261230)
(646,854553, 368,817078)
(793,187073, 368,817078)
(929,535767, 368,817078)
(646,854553, 368,431458)
(793,187073, 368,431427)
(646,854553, 366,732452)
(646,854553, 365,233124)
(350,320160, 359,363647)
(537,920593, 359,363617)
(510,202179, 354,715057)
(510,202179, 351,773315)
(970,695251, 351,773315)
(69,031593, 350,734741)
(510,202179, 350,110962)
(350,320160, 347,106964)
(429,440552, 347,106964)
(350,320160, 345,902679)
(429,440552, 345,902710)
(69,031593, 333,115662)
(67,435501, 333,115662)
(118,678627, 333,115692)
(891,737610, 331,744019)
(798,833740, 329,327759)
(891,737610, 329,327728)
(970,695251, 329,327759)
(118,678627, 329,291229)
(798,833740, 326,425812)
(970,695251, 325,887238)
(771,338928, 324,851471)
(771,338928, 320,761353)
(316,161621, 318,687317)
(18,949509, 316,928802)
(67,435501, 316,928802)
(64,713959, 316,928833)
(684,915955, 315,142090)
(771,338928, 315,142059)
(768,610779, 315,142059)
(67,435501, 312,560791)
(684,915955, 312,560791)
(771,338928, 312,560791)
(768,610779, 312,560760)
(684,915955, 312,189972)
(768,610779, 312,189972)
(684,915955, 311,476929)
(768,610779, 311,476959)
(684,915955, 311,461670)
(768,610779, 311,461700)
(768,610779, 311,460114)
(662,389954, 310,614532)
(662,389954, 306,823395)
(662,389954, 306,662354)
(662,389954, 305,204102)
(210,531174, 304,027161)
(8,222222, 302,132568)
(18,949509, 302,132568)
(67,435501, 302,132568)
(215,344131, 297,833527)
(215,344131, 297,657043)
(226,804199, 293,338013)
(327,932709, 293,337982)
(334,338776, 293,338013)
(700,138794, 293,338013)
(700,138794, 291,701813)
(327,932709, 286,194153)
(334,338776, 286,194153)
(67,435501, 283,105591)
(66,440582, 283,105621)
(78,768074, 283,105621)
(66,440582, 279,379303)
(66,440582, 276,509949)
(77,965080, 270,459229)
(692,811401, 267,608826)
(692,811401, 267,457275)
(692,811401, 266,674744)
(173,767395, 264,776001)
(692,811401, 264,235535)
(802,027527, 264,235565)
(884,489258, 264,235535)
(692,811401, 263,932220)
(802,027527, 263,932220)
(884,489258, 263,932220)
(965,893250, 263,932220)
(965,893250, 262,893005)
(980,194092, 262,893005)
(173,767395, 261,841309)
(802,027527, 259,859680)
(501,971008, 243,667068)
(501,971008, 242,032990)
(18,949509, 232,049698)
(237,090881, 232,049667)
(364,546844, 221,212631)
(364,546844, 221,156494)
(364,546844, 214,460968)
(734,017700, 214,329468)
(18,949509, 213,390594)
(56,655289, 213,390564)
(364,546844, 213,390579)
(364,546844, 210,063690)
(364,546844, 209,518265)
(364,546844, 203,581207)
(364,546844, 203,449982)
(135,993240, 191,102493)
(322,804749, 190,997482)
(322,804749, 190,246246)
(392,099548, 190,246246)
(322,804749, 189,725876)
(526,979675, 189,725891)
(545,046631, 189,725891)
(322,804749, 187,257828)
(322,804749, 185,758514)
(322,804749, 185,364426)
(518,903992, 182,955261)
(518,903992, 181,196121)
(518,903992, 180,617874)
(605,324280, 180,617874)
(605,324280, 180,154068)
(518,903992, 179,435608)
(518,903992, 178,353424)
(274,680786, 176,513565)
(605,324280, 176,513565)
(274,680786, 174,677505)
(274,680786, 174,069366)
(274,680786, 174,008987)
(618,425537, 151,520782)
(618,425537, 151,334641)
(116,891144, 136,477661)
(18,949509, 119,880203)
(8,222222, 116,137085)
(13,791442, 116,137085)
(18,949509, 116,137093)
(101,514160, 96,925972)
(8,222222, 92,337784)
(13,791442, 92,337784)
(101,514160, 92,337784)
(101,514160, 86,230927)
(523,714294, 70,196930)
(757,224426, 56,410252)
(124,052521, 50,331532)
(8,222222, 31,946005)
(13,791442, 31,946003)
(523,352539, 24,843929)
(303,984711, 22,254290)
(523,352539, 22,254290)
(523,352539, 19,967196)


Statistics:
Time = 1327 ms
Sort Operations = 61
No Sort Operations = 16
Number of Intersections = 1289